3662495
5879831
594443
3488602
4248114
8011806
4438253
322042
3003264
8859110
3132490
9198349
8715329
9223694
5949341
9092466
500445
2809581
4196710
1535146
4980956
4411387
4149512
7599345
731797
9116372
8528933
2572439
1401155
8193788
8329092
3263742
770134
6187977
4486557
3684969
964904
6011382
9051676
6678677
1037574
946615
827625
937757
9579649
7718353
9569925
3518875
4874415
561946
5115127
9278875
3287818
1787773
479246
5349554
5390479
1293773
6698575
4439326
285915
5820235
6594473
4303451
9980462
4879489
2237622
3259253
7921782
5053805
9504056
8723509
7203572
7362731
8242293
3579428
1769549
2957645
5416626
8001928
9212705
7532831
200309
2811825
5879450
9021153
9839385
8398037
8236658
8046884
9137661
6985278
3894679
2986404
4782725
4430426
4334482
373563
3148704
2972945
7545838
790014
9629804
7409684
4360811
2497760
1955943
7671236
3757536
4706642
3191757
2258840
1091680
3254810
116169
7109808
2015054
5752562
7366055
8935866
8381201
984401
3473560
949950
2463658
3892270
9576926
7985675
9726825
1283142
8405829
2522250
9216399
9521290
9795155
1395948
4659698
8881621
7775242
6263416
6988415
7117756
7589078
9873828
8839942
3337167
7738990
7745625
4480791
4068227
7031249
3606456
8687450
7661476
9505451
7641989
8614755
7328471
1370957
6061026
6393286
2038113
5283028
3311278
3825685
5260716
9787770
9004933
618160
5491322
6983482
1572108
9023325
7372065
4735934
2625129
343246
5571478
5508783
1134794
2362749
8052770
5102812
344385
3643748
742254
5890313
4080712
3306553
915899
9550477
7968077
5530738
6974907
9643278
3157866
9423238
3432508
6390736
1350682
8299430
9908378
580979
8237642
8144571
301487
973189
949012
6817973
4208313
6876660
4657985
5570238
5212709
7380950
2900934
6655576
9118698
7908770
5822909
3547000
5868758
7216321
8575210
3245534
4040995
2039396
8259005
6952254
5788151
9758398
4642370
6272286
6486972
6488219
4778289
8312659
874823
8510697
85545
7515555
1828936
7988273
5685285
5896234
8620275
9747713
2268648
8093591
8884652
1450833
5011278
5020161
456074
1801316
5915964
8913080
655144
4219134
824667
5381975
4348771
294455
6274589
2871154
8119306
8246447
9938209
713346
5813421
1438397
5351971
106981
2134681
6276572
4963820
1961473
697249
3854282
2117565
5895116
7717672
5787035
3390062
749088
6663697
3239676
4600772
1053132
5422843
1751884
5535927
4722076
4237205
9520935
851554
3424433
7231415
2551762
5527343
7965590
9841148
1343208
4606323
2835119
4181670
9768886
5014387
6793055
7181985
103779
5850302
3156663
5255971
1496061
3080069
2712284
231679
2478313
4570987
1894136
8078712
7952308
3615352
9288757
3210897
4185403
2209685
4437331
9925636
8846725
2975737
8931349
4088141
8616619
7439101
6336148
8996165
4219357
1964270
4981604
2371872
418044
5965802
567815
3742077
7059508
8252998
9127889
4179768
5270859
7180669
3686123
3831307
207904
5512486
1919406
4746206
4259925
1967506
8058043
3361195
9942570
1124802
388716
5000243
639093
5796331
4623140
1374948
5778221
6659511
195444
3083594
819945
2402247
5897254
700929
201779
9577859
9117804
8868810
6177456
8093908
7924955
5839639
2098357
3848599
2865973
4634939
9478866
9984647
6728673
6698905
7338842
8394807
5525657
5655553
7680133
1282778
5494974
9948774
8832988
9980652
3220497
8787644
1991541
850845
6134929
6773011
9890756
7636242
916587
348973
5245850
9533321
4302128
3801614
9525152
5840874
2270685
3242639
5171668
2391133
5900150
3882256
8286062
9498011
5824795
3974268
7233200
8215364
5578268
1244739
9105812
5691184
2708886
7983171
3252789
4459773
7611379
4533904
4686396
1638588
8582508
5292923
721130
4415580
9026196
7671519
7036869
8418705
9008871
424307
4217413
3966043
954646
9693119
5391424
117834
5295158
7057921
5681838
9377984
8756416
6867466
132026
2329648
8047528
9904357
9913582
4047560
2304691
7957913
924638
211010
4966518
2432581
471052
443788
5249040
3082981
3381385
85338
1374149
6720334
3942000
3788772
7524411
5254072
2150131
8126348
8700252
3823709
1086423
4872241
5489083
6079689
9710726
4102905
485656
7197683
2409781
5591557
2992881
206230
29136
8240339
3869914
7765098
5762164
6004922
4373188
9510795
4903238
6903143
8669681
7080200
4018913
1360635
2994669
5429211
1721708
1630055
5764187
7386178
3003526
9049287
8990684
7098850
447651
5918008
5030304
9829125
2301083
9794652
3206283
7365961
405702
8838238
1493251
2570442
4436333
6969339
2678862
2824211
6353453
4632660
2277656
6298283
6814421
6048589
453866
8353792
2310320
7746911
3611326
6741854
7863446
8209164
2861656
9003169
2024737
4588145
4990794
4368757
373266
4078140
4854378
4317305
1455354
9009838
1468665
5246833
2971198
1980363
5426956
514363
2251373
4075749
5321366
6785898
5447739
4079908
8065478
9388046
2198420
2068661
1283493
1682265
6822238
5525736
445985
7258641
8641771
1064788
3045386
5281362
4867105
5265702
6125161
6331031
9713182
5381796
7743380
1163260
6813113
9643285
4318765
812149
9265790
7310390
4807458
6384947
5394111
9328140
278517
3468606
1479840
5222346
9771969
7847620
8004637
4324278
8735077
1895362
48942
5932248
4689529
6076019
6906523
7366701
4526363
6708355
4701461
8624385
7295667
4064649
2767813
7999831
2563872
7458898
9474055
644727
756371
3180732
6697297
5859227
4511346
8539953
2115997
8632893
7107677
651028
8818671
2554787
2781084
1067834
8823818
3117414
6152261
4557002
4892229
2455631
9781052
6438585
5067036
260904
6785169
6379673
2746162
4666577
7705211
3811686
7286388
4553003
9545755
6636261
446085
4295798
9303484
2146500
2961084
8938549
8505045
5872379
9902438
2729579
163528
2433000
1910312
9872326
7936771
6058251
7828052
6670552
9680018
6759996
5029658
2458198
7546862
7539336
8221127
292730
8188914
3601419
6651680
5081695
7967444
3877619
6228802
7626099
8354058
3051966
8653720
3710540
3414042
4195853
6659794
1132843
4934048
420434
2009107
2507818
3166098
3434831
6552667
6028497
4806370
5336927
7716254
428608
9121394
6912567
3783775
6573182
9954784
7647913
8309406
596176
8745254
2689926
2645797
8356930
4375500
9895459
8335618
3323082
6004886
9426860
2142481
7156591
9233047
2245583
6357036
552665
3533983
9819051
9278216
3262102
6235996
3814326
47034
5248028
750055
7770025
6089807
5286960
2506433
7643737
851328
3244397
7588843
8025259
9889018
3384808
5427408
8143576
2353720
4878376
7759613
6093358
571117
5004767
6313321
2077225
1864772
1502733
8842313
9846579
5271010
9823165
9945636
9090676
2891327
4387028
1560391
4625611
9623173
7717275
1193770
4186853
9765285
1907809
1892002
5665489
8827550
7749108
6723246
1419598
108833
867850
9845475
7574050
7849105
4341529
1411330
2633590
756056
7606667
4469549
2594430
7183910
6515798
8762642
6898287
6782732
3177868
9791590
4374295
1398786
4035999
8209446
7755107
5210257
2385673
9057295
8501195
9053069
1999485
2995582
2615721
308110
8280911
2955630
4680904
9978579
9978301
3990791
3742580
7159619
2012427
9191041
4272656
8076121
4703309
6487744
5603140
591617
9943382
5439180
6047480
9961928
8742681
9738039
3107561
9289516
805729
2204258
1675020
1016077
7554932
9358353
7987029
6826363
9278504
5581222
3089199
6458312
173114
436193
9605270
7062866
9511087
4086090
2971858
5200264
9153411
6111399
1279615
8929600
1847371
236470
5859074
4389413
8121239
415511
6237787
5012651
1962066
159709
7145509
9121947
6882598
8974933
8496439
6742919
8411822
5719034
2078870
2716498
8512705
9249427
9143465
9978929
5516633
2267349
2685654
3825754
6280781
7271090
8600350
1299815
4067260
6606943
8624299
6235103
2861343
8084944
1232169
2937615
8761989
4426267
9647575
7840473
9974395
2331960
2727514
6018366
7454898
238254
3648989
7767052
9490896
7956405
6210488
94612
4426322
605425
5187449
6827635
9100789
8504408
2208605
3154241
4098909
9080929
5125914
1661236
225894
5837322
4972593
1911486
345087
383280
8708921
52172
624681
4744233
2982159
3372437
4600739
2266752
1990826
3479824
1337
8599829
4037576
6362931
9505163
6551879
7449882
67039
3316648
666107
9414447
6890780
6353936
2125389
9740379
1023405
2660982
8494703
7953245
3564583
6363549
270371
267411
3678611
2491349
8155821
6394963
5227539
6429096
9032030
4563227
4963058
5392221
4337668
8219031
9393031
1880302
7764472
9138619
6913946
5175280
8056016
3536162
4108057
417491
5737402
9370189
9560265
7994896
4121333
624884
9385888
9468495
3306645
9185701
7555978
4070673
3840270
6368083
8321826
6641088
5915864
7812905
2879084
5130700
562737
9442967
9447911
1960557
7265688
2949876
3690607
575090
9298500
7991610
4704953
9152337
3305158
1832794
2440967
348263
4584137
2490801
8643186
3558871
7067582
8686329
9730612
5453959
1164609
2267319
4472434
7546052
2131999
2925460
1418334
5323680
6150912
7507281
3857150
1115268
3950173
3711159
6006637
5429145
8704458
5670340
6157665
8558082
7228618
2199416
1920193
8482891
1008024
2623851
1803508
425467
624591
2442069
8777359
6301172
3944449
6464151
5728224
4307146
5967031
5502547
2192803
8932607
1822562
444087
6996149
7244392
9475804
4547807
5735752
3550653
9403395
3615670
8784976
1885757
1794282
8688373
3650880
4300376
9467629
7027752
1378832
1069174
4033496
8523613
2443124
1444937
1970613
3782400
3906513
739216
6210599
4542840
286462
8432922
6301468
1857515
9035826
609116
1757322
5708492
8420979
1279605
9252615
9781138
4431680
3197533
8539926
3403711
4821961
7828158
2958420
278565
4128899
7026919
1081090
8997067
2566476
1977401
8694386
1808905
6631973
7223661
9942591
7142933
1392748
7893280
4847692
6412749
5601899
4982032
7452333
4139343
3591250
2663180
4468135
9519038
5809391
5650938
9650875
389146
7731168
1128683
389956
3693487
2867427
4858257
9506083
7811113
2487892
5067592
2854657
4227421
4083615
3654861
760199
6321843
5157372
2082822
7495714
6554682
3051342
2236492
3022372
392413
7672238
4831923
7692879
8100763
1430208
3128797
671717
5138805
9969076
1035869
4948483
523199
9916139
9367708
3221663
3420279
9177441
3845647
3574518
7245962
1042074
6677794
4633343
8720977
7590759
9260027
5433832
2068389
8724626
8597723
6169836
7177359
8477980
989248
8562891
2273639
5282412
3012205
9804561
6640479
957895
101675
169048
6398767
7505066
9924031
1525951
5114055
8481804
1557708
3231964
9401587
1442261
6819942
3821946
1921193
8291627
8926150
5823896
4021320
8873410
8905811
3560738
4890030
6184805
814035
4056617
1436532
2523319
3092689
194190
807218
6745402
4167742
763089
1693411
9297370
9210041
8695860
3897263
8720718
1516817
4693358
5174436
8835314
9055020
5848147
9132272
3495816
1002321
327941
3273850
9218112
2155396
2222671
4620026
8604065
4347442
7747836
5432467
6562699
4971307
688283
2306081
8727841
5723274
5405909
239502
5066681
9306990
1633006
7269208
9889272
4668531
5656146
4019105
1838854
2018137
5651216
654283
2913619
2234544
1207084
5003149
668154
1130296
4654443
1977337
897291
425891
1244740
6225154
1565846
9177110
3741271
6065079
6177813
7462258
797603
4481534
1835580
1033572
202500
1508251
4640372
2434689
983451
4059090
4673836
5510157
4385178
5392827
6317100
259234
6479146
916608
549476
3883218
7661060
2920831
3478636
1599057
8558880
7995584
3746240
4367537
4460503
1317357
4481055
5063328
4920065
1203534
8751473
3103474
295894
5393890
7081141
6766043
7170019
1130815
4038935
7577074
4043988
5025271
2621114
9863835
5619932
1763104
9749149
8704012
8544236
8674648
1252290
1830433
385741
2393307
7513463
283217
8390025
5822285
4545866
5814553
3347368
3360380
5751973
6549307
7635251
6003865
739171
5339477
3361760
3111345
5446199
1325258
4741992
82581
5330736
8764511
3093276
8957870
1817932
8221383
9573124
6379331
2388351
4609292
5406206
9351433
5488958
8350767
5951482
16264
7864797
310390
4328330
1588778
8513507
6503772
9808601
7338644
6184839
5168697
8224893
6015820
3779215
1121587
8536262
1811145
9223506
9123649
8651941
2572172
8824279
7726160
7575797
5916067
7956734
1976993
5305407
9706048
6450556
4389451
5637913
7522165
8831224
555921
5835837
2004821
7519669
3862105
2841275
6617744
9536459
1714336
5836456
2924389
1486853
155174
4112951
3856888
360779
4272330
118811
2857935
6823457
8518781
2377421
3196341
5720753
9289839
8909624
3326435
6862631
4255553
5985394
3675883
817179
5317854
3523119
3866460
1174673
9447413
1923650
5358338
180901
2523830
5351711
9230273
7868987
6552111
3457397
8853738
9636086
8279079
5925057
6726182
5882888
8524508
2626505
2009690
2756011
7262306
1870419
7244585
7940279
7168123
3667491
4534137
566070
5267284
6170175
4468398
7102007
9779333
8251302
4409671
9627954
5387604
7591067
9040647
7642201
8185745
7928761
8716196
2469483
892516
679949
8875791
9811282
5200041
4618867
2778300
2024006
532353
7577115
1049735
3790405
1821448
3348096
5949942
2273849
7560553
2567638
230193
1536136
598409
3770490
7482148
2261491
971687
1688113
2320183
4196920
9811867
4599247
8795440
3402782
1962141
4401562
6775521
8726472
2356136
81332
5279920
4424424
3015236
9446811
8249641
4216705
4273222
1176670
7782254
1253973
7247258
2268340
728332
8320636
5458558
5313133
9234007
2542803
7725603
8589269
1704553
6190198
8914784
720934
9624958
1566996
8125468
9752590
2831240
671639
9218737
1950708
1747338
7298718
2537266
1239816
5303133
5601617
1260874
8281357
5320511
1422248
5018021
6970281
88990
112130
4727947
9726217
7932233
1775749
8376022
7923616
2033321
5002133
9059267
915519
2521527
9736274
7169099
4811609
3230699
8984827
6277953
3228990
2091151
3984703
5542236
2258106
3126598
173462
5175390
2093836
3268519
3100376
2402840
4969112
4346499
479474
8894962
1027915
3119840
3023712
5690371
8839240
8301155
889638
8411175
5502173
4497042
262421
1478760
4550271
5951777
2221327
6838756
3845427
3488969
877860
8025376
2932338
3471916
8608206
5849407
5078811
6938977
646461
8564416
8502837
1915724
4084889
6570524
3447535
6184560
26985
8428215
5754597
7641605
2687277
8177796
3970807
4696380
9897551
810540
6372631
7059056
9609205
1595403
5131478
6002391
1499231
5173415
2261866
9542856
6134194
8274056
5056107
4052896
7695968
2446229
2629146
6722343
2206274
1856141
6356488
4768552
6342917
3092839
1573288
1811310
2430373
605861
5924180
8930026
1181737
3487371
9715739
6964102
9739671
8065606
5384253
7757348
9222563
554158
1701517
3057955
5146895
4448865
5326315
4435846
7904551
1510193
4552349
6542248
4560755
6462778
4060280
2389917
9787338
234919
7949820
8600777
2844942
7856446
3405197
3169224
6115219
6582864
4737884
7543106
7218569
6204386
3664923
1202759
1976121
2894874
1775450
4293753
7909243
5906768
2629094
9333508
407185
1306323
4854270
4590504
1698410
5218691
7843300
3429399
6690314
2450055
3464225
3084618
5716248
2620134
2711585
3471886
581352
5607773
3360164
5814562
7560004
7423328
161930
7527567
2604606
4782121
3725511
8526962
7161097
7512868
6433680
371841
2589233
7309549
6089424
2502580
854610
6896661
9098367
515944
942481
7439206
7464032
1218953
7167839
484767
6457776
3726770
9841717
2474767
2285169
5979016
2925541
270663
4052505
4573603
1727240
6924238
3546334
5783130
6021151
8745488
1102392
8110424
5912399
6320024
2201557
1025089
1532021
7241317
3539594
177876
1347464
3457617
2802563
3281290
5766988
9068369
8599885
5912991
2973770
9387108
7283168
1724933
5199485
1351751
7088040
8592166
6569635
4041899
2851386
7415005
4224318
4214675
3266180
9210835
7948375
2550557
9148994
2762901
8268410
1063351
8734609
8105334
7026854
7606896
931725
1589334
2868784
205637
7989818
7948580
483235
4899981
8071180
7253049
6986282
1214677
3563087
6011066
5326607
8419816
2129116
9772400
2845
9891228
1036554
4324876
3089670
1628954
9290763
662075
7815813
7411468
6329989
6032650
2246373
3696742
6104067
3088431
3247714
2905343
48031
4256068
184511
223629
3194381
3325849
9350503
4053638
9379874
8453024
6921467
5885143
5929572
2018235
9503468
6634759
1555591
4181764
6114840
7550503
369264
2934373
6522110
517910
3948958
4271996
7436790
6137915
9267239
6403935
378826
3785970
1740507
3809915
5599332
9328771
4877350
2206612
4822856
8326161
4557797
9161287
9453452
2900515
7014739
8482126
7168549
3203035
4804834
7799752
672984
1611210
1980587
6337273
7032943
9144520
8342974
3770703
47593
8290528
4870205
920368
6933774
965345
7164679
1034254
7537307
1668929
1665691
5241458
4694286
1905047
5560215
860113
7813869
1355818
187465
855918
5353826
7424145
8585955
2129501
7610653
4399362
2326002
5536191
7982244
7934200
1679780
4843747
4197972
2364965
2976066
7065196
572147
5304005
8301247
5787788
9215454
520137
7799665
1408663
8554047
6797798
2896886
8270096
5023592
1952645
1038926
4619517
9183067
9192348
550214
1415155
3509220
3129952
1382520
752624
3667782
9976353
4077025
7190372
8682218
4858938
1214289
3866030
7387089
2007882
4472688
1303247
8654454
6985207
1940119
3086208
1116357
8218925
4241467
3714033
2242062
4307828
1996745
511715
4831063
2365543
8101856
1274736
4770688
3367986
586088
4647886
582476
8203967
2882396
2829074
3283595
5575065
1382579
9044376
7852672
2685892
302017
3218713
446606
7134287
8566670
8272164
1175630
7128323
8939869
4610173
3556008
4154175
4132614
1929658
196987
8885840
5404071
4970863
2138310
7634859
7157301
7258083
3758480
4879118
8812557
5830094
8245610
1972886
454940
8335736
9061478
9753329
8323433
1859418
4873126
9196021
3885476
8220849
736151
1373764
828635
8877138
4432911
8129877
5894197
9339090
2167014
4188384
3167753
8312023
8909619
6785304
6274238
3667098
5839720
1168012
1012475
4999674
6001211
7186367
5664566
8489409
25756
8339376
5275681
1592025
7379998
7543110
4590587
6921236
8897205
4163257
2072281
9381529
4404858
9785951
2057493
3919467
9059345
7141783
264690
2031309
6982863
475031
3978809
6766663
6635144
7458453
7996357
7488501
2568175
1498829
2262007
3321013
6422980
2881782
5148330
1198051
4537963
6885690
2810384
4028231
2406980
2257202
8559697
8941376
4514246
502849
4624814
3187846
1961732
6617479
3235692
6316600
8672605
8897408
31906
4771036
1759814
9742627
8224204
9590452
4710408
5289470
4889170
3540329
5588980
5929881
3333334
342677
4984482
449375
4149877
3298883
7306888
2628718
9793413
2232717
8434007
5771886
6640306
9556901
2451937
797373
2702368
5279678
6448850
8536380
9066279
6090936
1373931
9266698
2823095
9169170
4153002
5517459
7597462
1662296
8374800
8235926
4094604
7349237
9988425
3339012
9726399
4663366
7149535
2902820
9301057
350160
9146228
4898203
8671998
5239954
1569754
4722134
2496419
6738568
9747985
262773
4598948
5831687
9916279
257164
4166339
9644686
8759874
3315879
6085449
2175448
6141144
187607
5896746
8692789
2242908
7665732
2130967
6658967
1645853
2448986
6329928
7878363
2781327
9031756
659655
2151794
5104681
9522557
3807288
1822533
1568877
7751126
9235037
2019400
9752413
9335673
3015848
5774718
6017909
1293031
9545581
8444762
275645
9413173
8455818
8772922
8712876
9579027
4993937
9387652
8392157
6854705
8086132
9937436
6781199
4403740
1706658
1861290
1785965
2537194
1153972
9400597
5380729
3614204
7010383
6257428
965136
9062445
6413241
3386269
4598420
6192675
8740697
2874714
6127279
6617457
1790011
2448347
7110487
3502957
9310416
7046963
1202790
5699635
6200527
5985872
5284207
5321781
7553487
2226531
9547095
8819016
8385055
1576257
9780515
183067
636483
3008151
4270326
3502233
6014540
2945564
977026
2015304
632122
2238388
273545
3417192
8652071
1270287
9244799
3660863
1416809
9301464
3524190
1591801
8248680
3053951
9184023
886176
1375207
7994493
489814
608898
9942951
6993990
8203834
6311967
2651493
3377717
1109545
6917332
9459872
415512
6052774
2495681
7009928
2364813
1445213
4473423
1734501
3835845
2023594
8770995
7767576
5039481
7529387
36401
1438519
7122301
3030935
9367299
4032990
8644048
2571436
3655552
8891956
9397776
7747810
3805108
3415547
7761136
306335
7119816
7917445
3939349
4307092
7887991
6525548
9369662
216016
9688301
5366578
2727290
7487491
441741
6591881
5116841
9583271
4439843
4206807
6644599
1129068
4030636
4610370
4630011
4304678
5616727
4059378
4231284
4883313
1410206
6855811
9847417
2159528
492579
1258498
4227535
1599037
9447558
6275394
7182246
2653328
2851904
2991424
8465617
1208441
6339755
7565368
2300646
4163204
2557519
5271138
7068339
4501625
9431736
5803680
5505778
9492463
5092947
1713680
1188980
1045339
2744391
6280232
7732776
3052286
7446513
4579041
3012154
5788992
2285309
1738358
883635
4456220
1199137
9030867
7115755
4483682
482521
1760254
2777174
5279368
4897431
3709604
1574967
8027
8313734
5675862
3732156
8778392
3081901
5041932
8385621
4049948
3747037
4589943
6594154
4682836
5759480
4274348
5396097
1922544
9321638
3927900
3473110
2853397
1450908
5074372
1843625
1082149
5084589
8347219
560182
7498611
7157554
2804627
2769632
6174698
5044133
3141671
479018
9888678
1529211
5905523
928856
3679535
3617495
8389978
1834924
4285424
880485
4088923
8928672
8395003
1364839
6568806
5769224
1474130
1226197
3325364
4854314
7325934
9938713
4253173
2238677
8283008
386096
8803393
6259768
7235382
6501189
6181943
4254889
5552686
7298518
3854366
1413081
8861756
3382100
8628932
1358751
7740445
5709402
4948667
6728601
326112
670380
473419
8218324
2226621
4635726
1313228
3272098
8339458
4583863
3925213
8398208
7836977
6335255
2419510
6970638
2990906
4389015
9941930
5391879
6746102
9806843
6183420
1362484
8602726
2705959
2915845
6095752
1269063
1824602
8758080
8356453
2280388
1496277
6294758
5131637
6627727
586395
6645900
8594501
9119294
616182
3750014
3131853
5122092
6633109
3480888
6121563
8622379
7254339
8948625
7290436
2070244
7665801
622808
8598205
5812769
988611
6232012
7522590
9293388
303687
8329289
2656124
2645449
5060987
7329520
4333195
2017872
1702735
6206191
460756
646048
5663626
6813022
6500253
7236744
6102909
7770605
5953812
8620153
5093630
2421272
2028174
8183749
8948234
5237951
2471383
2423307
1236926
6128322
5820401
6508219
5227800
2951046
4618813
2389061
8242882
2669444
8070585
7019118
9221439
9827397
2754784
4941930
116579
5048009
855672
6723446
1643414
5996405
2235785
842989
784907
3753150
1521111
2915234
2100737
9604985
8198022
3864782
27219
1941454
8566758
964657
1826166
3625839
5353753
4146860
4928419
4716262
7574062
9575968
1046188
6998641
1061862
5213632
6536714
1963509
4265976
1804763
1617997
2393081
4371022
6666587
5007434
7858003
5905371
2477336
4755004
5170058
6609342
1959581
6900807
7520872
9990704
813727
2716877
2104541
3580553
2715791
4151585
2649463
5143813
2416598
4120607
7308845
4925493
9251076
9997748
2343496
673381
4982444
7652696
319272
8827767
1801928
1895740
18618
6978865
4593657
7372747
8714790
8959788
9093011
452101
9225136
4737650
9916854
8677467
8800650
7078148
3349270
2638822
6793979
5271109
6677641
6520854
1271536
9799599
2242368
5839546
7626476
5495768
6456989
3222172
8606869
8995506
3943623
5786540
8578093
4452955
7297871
3781744
3953892
5466389
4261132
4861210
8007981
5804726
6197219
5699557
1687330
26258
3742499
8960712
4895530
1864261
2846091
4327920
9953997
1494244
2751708
2808567
3835859
1404007
7279091
6064
1046636
4258306
3748336
4530298
72705
9040949
1706368
6544511
8146842
5667122
9359254
1203770
3625932
8373540
2524986
2145000
9146774
1739601
2571001
7396294
3189590
7163286
7145735
9226506
508410
991173
7804322
9843565
3315520
3846293
6060894
9676532
1755791
7245840
9566833
2707412
7803246
7775665
7530145
6948934
8003738
9087050
8493633
945850
1243493
4629837
4469296
5888479
3712120
876370
2371362
2941528
9566829
1942142
7300300
7855177
4040500
8506800
8766613
8316288
5285603
492805
3667739
7014700
5993059
416025
4443756
5790618
6369095
6879101
3257106
1742520
7725963
8330271
8705116
8627054
4807028
6452951
4476431
983144
6729397
149485
8864437
5726297
8566300
2936420
2309766
5200981
7947669
8019326
7832069
3608865
5863406
5442590
8264357
5742709
3715329
8544523
2021047
252579
7692512
4256657
3381164
9206153
9809036
6528647
2204610
1204183
3026692
5715554
265710
7652916
6641047
1306683
6023350
3486215
7859768
7318388
3501671
1690540
6645596
6528588
4924191
570682
5568315
5274023
6993265
3065739
6201282
654474
427754
5903949
4667046
4724055
5776343
3349990
451211
8347176
2340681
3531145
7919579
3442577
3374828
2195429
8450623
3962179
6928797
3640260
509321
8662801
9428361
1691914
4264779
4317427
8190465
2603676
8968358
5966385
4047841
8461615
5390644
1340929
7953635
532128
4806464
2006422
3503810
7672771
4591414
8223419
7129244
3685634
3283062
9619766
3448199
77695
1814057
3669085
4423920
5813183
7741804
7531206
2098195
8235562
1749950
1500286
3817927
5643403
8800854
8763928
1214023
1392098
6427745
3844126
6690409
5328239
1257331
5002530
7415667
3693789
449681
5589904
5541036
6811810
4958900
6908078
2030319
3696739
6702423
5734669
8635501
7332103
6785384
5149809
4416371
9922221
5479625
3483942
1099133
1110491
8106523
8681619
2739180
7637730
79118
1145545
1834930
1719174
6992155
1920629
2198741
6827
7909463
7276471
4879414
8318984
6633576
2534341
1585738
9637282
6643799
2438653
6708056
2222714
7880945
1068917
3729513
8105168
2255040
3080223
9171207
4211765
6182879
7600638
7157575
6061171
11279
684575
9049493
9654309
658012
9932408
9525857
4123345
4194618
5017037
55088
3100589
2674438
4694428
8474850
6910559
4637975
7183906
8859412
7395851
9395446
70325
8561636
719618
4422014
8546790
6147104
2094071
921097
5815007
9648344
6584071
2068237
3747396
3777152
1375271
3630151
545246
2921008
9578957
299620
7578407
4077755
1650030
8147007
875931
8838629
7075723
2485484
3972303
5429075
6308717
1209817
2928565
1631110
4582018
9807015
2341849
859989
1309639
7423669
6027969
9172540
4407409
3627728
3746447
9952410
3558809
9095588
5572953
1570711
3464939
8618933
9789243
2725144
6343944
2908806
5647862
9609881
5968717
4192790
9409646
5305145
1538840
9677954
776593
6146750
2941005
5931568
7124956
3105952
2892866
4015692
2609544
946435
1033410
2257858
6433842
1008455
3070510
1695286
9182098
5815359
6437554
7971645
4667692
2931642
9335656
8831899
5401353
3961821
1649293
7902354
5812440
6823867
4301159
9992011
3159669
6024454
9833152
8471236
9343118
9094815
4063395
2322594
8177672
2507049
8625280
7538327
9653621
6641859
2295436
2053729
1449989
246479
4464831
177674
5599122
4565409
5278480
3344102
6220908
7784577
7239628
4724398
7814553
6784699
1170608
6569749
8978845
5687672
1895151
8895520
1060822
1744932
3857291
4006614
3590328
998973
1701252
7615124
1060134
8338567
9646435
7254496
3563058
7322772
5172037
7316833
3691437
4903429
3567429
3764045
3463940
195130
5556703
8638796
4358202
8043459
9686614
1972375
3061547
6704315
5706531
2170718
6303486
3245255
7566228
6819767
2912060
920336
7726384
3942670
934781
983572
4019938
4990413
1010156
4542211
70964
8288504
1423741
710546
218563
5710493
9948020
7377315
8581998
3463000
8004437
1773920
9628527
186426
3122388
9310653
2995718
138057
4318854
1556484
2172317
2650958
5621890
1014336
9007014
8543040
5649765
3554559
7353141
180104
6019502
2582543
5191124
3269853
1825169
7530749
6965149
2763205
3092283
734084
560286
3066775
9866504
3308321
7338561
64200
674501
3944633
6891556
4161957
3975970
5989930
4463775
3129917
3162779
7282438
3679051
943636
6556897
3691378
9223852
2764161
5859288
1983903
2734968
2686388
1985439
1966111
2366175
5272922
3004102
6227460
8211007
8260724
5040955
5829998
1221096
8644377
9137579
7989368
9967540
4574768
5238304
1137467
2582961
8091862
2302123
1722153
2569299
7456429
2030272
5297767
8313335
3693876
7679387
9152845
9675613
8639820
3532199
7358809
2637978
9952952
3865363
2849299
3950620
3001680
7082939
9746614
2154563
4365682
8848950
9042513
9646804
3157229
3412053
249676
895796
9872495
7337354
2013195
3665020
6408506
3791400
1513855
6289896
6092549
5327789
6013307
5509037
789547
6584853
915137
8937200
8234301
9401933
5184378
329885
6007
4504097
2985999
2666527
8264039
6677474
1242907
5092336
23924
6100350
5535395
2134656
8607122
4650979
1987901
8008152
8433251
1652471
9958133
7900174
5779150
9137538
3633896
2228841
4313705
3269830
4667535
1167392
1374366
8707256
7050223
3494658
1509702
9384985
8560516
6865061
7967778
1017478
677760
3423262
7860553
7506376
3258986
5076624
8151644
2428255
9191879
1961296
5395849
1648555
3584538
9498372
6459381
1011684
3766069
7073523
1853567
1512277
1927283
2171563
8757317
4454596
1934834
4455615
6951986
6507019
6647766
1011953
785678
3094529
4367243
4963788
2820164
2529960
2268530
2103062
4191726
5055625
805501
5586707
4128896
8360528
2002660
1874016
6920183
5092189
7587427
7013840
9447122
3851289
8974939
446720
5271885
1407866
5785379
1419115
3281003
9897105
4365691
8840172
9060832
344513
1785097
55965
2999752
8517195
1646605
8134431
1382189
1980762
8697400
9499479
4002364
3660051
1173343
3297693
8603503
2402908
139786
8369343
215394
24322
7198822
2130924
7072606
8308477
4329781
9632615
9034538
2795525
2592697
2650093
262876
7968243
1368761
6885423
9875501
41464
7014004
4523535
7346417
8225516
5989866
5049553
8328539
7592216
4680026
3272584
862499
4119499
9401891
503336
8826945
7061249
6778535
7688415
1880968
630481
9865072
622380
7816875
1742729
8608098
382997
3430144
9306159
7909405
3787372
9565436
4113795
6816623
4746116
3045759
5740951
9145366
8600043
45023
4648008
8186164
4447172
6971647
9159040
6392424
1446277
8756407
8595374
1700365
3868232
7534100
597419
3690760
6502767
3927029
5517999
6154928
8699356
3275667
4261238
3950454
3187267
6316293
6383011
9099816
3071043
5945172
7824534
7051388
3310172
5654598
6298901
7573350
5610903
7506934
1575176
7563204
9982455
7531217
3492719
753994
48466
5748421
4516269
8730564
9901428
9045170
5427237
6905568
2833986
2705666
4098476
7686915
1216204
1987799
1540735
2649485
7825943
9495964
1578123
5137469
4094737
6932348
7732138
6125028
9850816
7720633
3184025
5158784
4874632
6802605
9310479
5215268
2070443
7009192
339186
673488
964695
6372520
6748243
7407364
4555606
4303840
1569923
9507930
3818359
6836074
322862
2593669
7719900
6799113
9065434
6047446
9316841
4538875
5067182
6862606
307560
8014738
7597217
6167766
2541233
9245715
7527292
3527874
125651
4486414
3564205
7098350
9772636
8463224
705332
7312265
8808697
643849
6595387
8648936
4766314
1301653
9606682
1754953
2986768
4146946
3211058
4761946
4467406
1241831
3838197
7363374
6064727
8656834
4260248
1154826
1679269
2762352
9595019
9868780
3868060
637682
5542692
1050171
8192830
2251041
284781
3373416
9888805
2140315
1336200
6751522
4442700
1902283
281515
4283710
8055397
9754339
180665
9054870
9897862
9411754
1867745
9651949
5293630
365820
4582187
7437199
4629687
1552505
4047640
6782220
7701681
5811159
2429634
1755647
892000
632398
4634873
3690651
2269669
6100502
7206616
4544481
9641755
5625704
5756215
933550
9486576
2642123
9208201
3396750
4031937
8819619
6827465
8156056
1447170
667185
9793157
2956245
4771983
9225214
5548608
5700405
1825043
186488
820812
6961026
2245905
9969718
8088466
186911
4360690
130840
8236455
5006039
2993470
6340644
8437650
8282425
2600407
7849449
7261895
2653386
6565062
3292552
2860464
4982109
490362
1717390
7173299
5524967
2475484
1188569
712934
4091208
2856212
2040872
7285852
411747
9997307
6005696
1743139
8800929
630471
4695495
2571370
1819307
9427095
9812922
7350531
9180982
8400585
6180467
9373842
6081969
9337076
7888921
7290934
6328033
7859587
8557216
6178965
7518207
7638504
634662
7311080
9619560
3894732
2419386
1130013
8163984
6759992
488805
442610
502428
4550552
6745252
3734541
7532632
8046064
3275757
385870
4770642
1642825
2346030
8204079
5909372
1604200
7668022
7740142
3152365
7139934
8059429
8703207
3951690
2547312
174255
3354888
1692620
380119
122952
3250720
5706170
8820196
2517108
2727497
5181959
1061933
6586208
9863184
5744994
8679261
9391810
6330359
9369484
3801869
2936641
2558230
1377483
1879661
6674658
6698603
86129
5404699
9730070
6782401
7828311
9015811
2686918
4737330
6397412
6239290
6836201
5783640
6421948
5710083
5994032
7090869
2023650
5274596
1768754
390018
216833
2600284
4183572
6953484
3483089
4916039
6056595
3898216
7070460
2703459
8835847
9586511
845686
8726079
5011761
7215351
7383661
5686537
6528700
3143501
7702506
6817918
8594700
6117116
21011
1782165
1629997
9944497
697700
185835
1113937
9586548
1833970
5435946
7647996
48372
2553526
6521263
7546140
3950770
2865255
4913816
2429972
2512299
5198487
6122887
4428515
8426047
4443890
3578331
1318991
9107854
4969371
5990176
3966283
7731511
5695847
8073729
5664435
7666282
8698392
5522991
1945771
3552664
9148649
6862989
7559481
4729857
3865520
670625
1916694
9256117
504781
3845001
6716347
1709683
9221220
7565909
88197
513795
3516170
781332
8015811
1986775
6829102
8630756
2632226
859543
7643624
4181555
2595203
6587613
99303
3508728
2479734
7013519
6174149
389042
2650057
6257496
8824553
1125752
9870028
7074378
2407043
7916953
1136842
7165723
3611286
6558978
8534632
754533
7862856
1202558
7570075
7951142
7899234
1342911
6639601
7361421
5328948
8552817
5295456
4674100
9203124
5910019
8326939
7725366
6868019
2690244
866965
273285
156504
5650197
9257142
211926
4043365
7408363
2438535
5245887
8352227
8434181
2483608
6609945
5545322
7042455
9238519
6872626
2007899
2686962
2296182
6158033
9269708
200608
2695269
7818426
7869855
7251407
158376
2844654
3222127
7015777
1513829
1803857
5611792
3004230
2031826
8133551
9236730
1927449
5169224
8154320
4111913
8033648
1312963
3798606
4667338
406292
5019369
7526654
4629444
7699770
8072384
5296402
2130158
1460585
8573825
6292860
4905090
6328007
593404
8684098
1203759
6665786
3528506
3085185
8854127
4138075
5191622
5709152
6591534
2095883
9971347
986134
2742966
2249407
2965216
7157486
2175466
182563
7031470
7296689
6028642
6213041
603976
8871132
1300441
3531263
6289230
5409837
319866
8941987
3725090
4998666
5050253
2603246
9261639
257274
9272070
7408351
9298447
5918757
8461271
697453
7822215
4388291
959025
2331259
6700679
3267492
3030437
9670325
6256471
1807567
7649525
2187114
2709867
2793118
6173628
7696831
3278809
2515569
6720290
691030
1855893
5850502
4065626
4857765
7240976
7162473
8813523
2397386
5037154
6992835
510418
6828354
2261671
8450907
6902677
2863057
750352
5914341
3780058
7055775
8023122
9775527
9188472
8092770
2216914
1365249
4482111
4471493
7949623
4686817
414877
5256703
2647841
6667465
4966777
6074772
461698
7221180
8519793
4398662
2989054
3029072
6509080
1358316
7900386
4423536
2494585
9956156
283668
6948721
4597810
7668918
4966206
9906330
5539254
5250448
5237280
6814531
1707149
6805701
3301754
6565068
4562344
8331385
5034604
6200680
3761003
5024537
6190515
4621136
2201877
7264082
5781292
8710014
7516659
7753391
6806970
5674551
3847660
1428023
5615968
8497725
7642429
8187527
9566911
7785911
5160811
5880491
3544197
391470
2877597
7462830
292473
9952801
9255748
1126322
9318861
3711044
6906942
3785140
9585065
4306358
4592647
821816
2356657
510048
9903564
6806388
5411902
7166189
6570373
5114441
7049006
6151596
9079697
5283227
2817861
715963
8241288
4122079
8892013
2944189
6993949
367274
3657076
5078763
1227241
6819398
3079301
86519
6872894
4095898
9297388
1684924
8848682
3497772
673668
6990931
7446254
9141232
9629402
9549933
1983428
7785177
5153523
2916923
9639521
5983032
3325323
7653086
1573828
535496
3329007
1597459
817904
1987513
299743
5579956
2891792
7820933
2038751
65774
4636328
1869247
3230570
6142867
4509006
164
5672252
6094311
9981162
9092526
2682406
9043986
3123738
805066
4835145
4377434
483725
1819900
8260262
3835069
7202944
482342
2783824
141525
8820859
4826389
7962442
9095409
9544873
8113843
3482811
6285312
2693594
9975823
5002798
7194193
5662390
2986998
636414
4019443
7467507
6363748
2973205
2770622
5576916
5377599
9901107
9072498
6311698
449158
8192929
9852412
9783807
8104119
585945
459159
1545829
3711498
6084133
5716351
7444249
1387891
3302469
3191328
9837520
1764528
9706944
5330232
8871530
7071133
6831512
5467809
2147987
6438837
8203261
7835549
4115304
7430330
4254764
9249189
1708262
300159
6986352
7216016
3849018
7564217
1890054
4195469
9024671
330473
5404406
3494432
42656
8581482
6528856
2231788
5390561
7142322
3016397
3922450
9052799
2950521
6060433
7770332
5135694
8874219
9235168
1731244
3577264
1283230
5455296
4253233
5836522
9166278
3927849
5155130
4758901
862470
1501587
7074946
1438588
2756902
6653544
3809475
8448921
2505142
9022768
5103888
5979400
9465010
2077755
8695553
8927286
7914991
4531563
2850108
8184542
164229
6579319
2236604
5759766
6481124
4357036
2764901
6657958
8214659
1004247
3048219
2870823
1025068
851509
2692039
4976960
8028688
4127366
7012513
4712810
5619936
6416477
6499365
7657308
772780
3431678
5302355
4260560
8047994
6917580
5547537
5184879
2536199
3763506
6833669
8437132
8126417
1021641
9970964
6176931
2110033
2298643
8048555
4789140
2674952
6027235
9426535
1316849
6017578
295960
9731264
8608227
8205068
179515
9323178
9393176
5169127
3635936
1269305
6006206
4345704
957480
2838588
5174732
7961808
8415615
9237184
2486846
3751280
4649495
5203313
1201771
3267521
1444125
5819447
6245188
4408488
8520956
1054521
2907133
8844058
9140148
3209740
3213289
3038773
5057330
8858280
8002317
5125499
9999038
65136
2947742
2519876
3995141
6313270
4925759
6473708
6624700
1923130
5656526
558796
1929215
5628857
332923
1036799
8883977
9056505
5647235
9204035
4229563
6960493
4433562
8837840
9062742
416913
3842555
2319140
7772901
8566132
8164033
9266458
4911907
2621003
43550
6374035
264601
6311377
6292980
5210653
60682
6195017
1480068
5547164
7813376
4148712
1592680
1902489
6015138
2396823
2069733
8186360
9396352
5900679
8421983
7742634
4476101
4371960
9736676
3251400
4305264
6593586
7850567
8318278
700152
930568
9297149
1129497
4842685
8814344
7927880
3202671
7734244
3496574
8828159
595249
7410011
8532536
7598159
7921258
6564218
6052597
7088873
5551181
6363771
2647610
9540129
4357719
2399372
3678548
4090004
6777207
1067647
3453072
4218006
5539764
9542207
2917601
2518858
1894484
5094959
9935017
6586548
1542820
2804462
7167977
7877620
6914810
9041140
9995987
9191406
3141021
6823994
7646424
6256718
1595406
5525032
2565389
4379858
7236169
6633018
4994453
3684043
2065138
2808912
3256691
107062
5516962
193574
6659133
6085078
9066255
9931225
5399489
3381024
8520241
2328599
600994
1378414
7257641
852313
9992116
7465601
9536485
995036
9364004
6737947
6400199
4515955
2787865
5862236
3279078
3067621
7408201
772639
1140276
3233210
1641682
3180858
9494763
1311337
3724272
3408705
7488461
6211410
7317779
3082676
2900317
1807528
9628266
8986208
3789723
3146221
4740001
5781437
7137967
4935034
4644160
4942662
7882691
3279951
7160572
5300295
808639
1332414
6758591
9800168
3953837
8123775
4293373
5994052
6629442
7001169
3641108
4056696
1343926
9534191
7831740
5975698
7950463
9283214
4513464
339860
4807465
9812837
7730694
9516639
5447474
7638677
5077780
103511
7972179
7977728
522674
2270746
9718517
89351
30740
744794
9658065
7186007
7456972
1301028
966594
9689012
1206991
9220243
992768
1228323
3501286
644689
7385885
5250850
8671569
503000
1613848
6521395
944171
6619271
9486253
2687424
3501474
3876309
2209579
413799
6914595
4128918
1924364
1594412
4490951
7388112
4347949
9639540
1051337
1576240
4403048
2876967
5043223
216071
2973999
4740690
2382159
8964452
9099679
7795905
1808338
2167043
1444007
6005358
2061572
1728135
5720090
2881510
8602254
9582979
8862459
9644121
2975605
6095820
5173323
4658645
3860333
2234902
5805206
3966552
3053203
5528403
8685486
2523600
6552008
3304299
3200061
819193
1645756
5431381
4031140
3213724
1030861
7732150
2557082
3527226
5186237
5209146
315286
8718652
9344888
8824170
9408790
7884920
2775269
2600356
8462323
7234901
2473841
5777247
9916024
4797162
3284023
2976792
9421610
8381552
3530041
2323359
2452499
9024041
3311397
243205
6893512
4013052
7963165
9097704
393382
6916967
889991
5344420
4813775
5377436
813838
7962115
6320923
6714554
3042499
2539600
8398514
8397574
9394790
9053254
3650803
1451654
6148280
381033
3271822
310600
2868286
9381990
4350136
4363478
6352563
1867053
5401114
1688576
4123203
6592249
5006206
7378058
7394984
4536155
1129058
6774659
1121244
8272512
4224414
1526337
3612913
5706928
4907992
4643972
848812
7627398
8665464
4712741
4762412
1738367
2680303
4238190
4055453
8376922
6939781
3460078
5653739
5945745
5480050
6179553
5840876
8416950
4531668
5080012
7981983
6510477
2201980
5606109
5400579
2744487
5310567
7995652
8064556
8004934
4922288
3113181
8755074
7223434
2955029
5708990
4650877
6575109
385716
6358508
2244046
3060145
3150272
2679849
4599569
2531003
9572943
9969061
3648140
5564106
5913998
4561612
6374715
9870215
2567011
4559601
976840
299850
4755821
5876629
1493934
6413981
2104815
5811203
855533
5630531
5732665
3377031
5347571
6692356
8585201
7580901
5889944
3974898
7289273
4784086
8005343
6199630
49993
1162785
3025867
282674
8923990
3935208
4902056
5308346
3158435
1547741
6686394
7683249
8755957
7850242
2091449
416690
4826940
7111532
9641899
1783637
4136464
4954702
2975327
967509
411597
8513642
1476400
6969441
1029973
671119
2099295
3216604
3949293
8110382
1509402
1672633
6417252
3861691
2561374
9435144
3354431
4815865
4544236
6231402
2913865
9768008
717231
4603162
3251790
5518645
3312467
1619705
3943089
1415674
7581972
2993038
1099088
9602925
6726884
3223411
5991006
1337127
478603
7891904
7779947
5485572
3180948
3312959
2547893
8424688
6944506
1779530
2603024
5734080
2190347
9641867
2102237
8430170
1406346
1517265
1778564
2743133
7924617
3593933
8391328
9986149
8588252
2359023
4508879
8273721
8731604
5705904
4705271
6010064
7994178
4974089
7037297
9059569
7314492
6721753
8253099
9895972
6319695
7326998
8832254
3166379
8250271
1527988
1976748
6554269
1640438
6566013
6801012
2333863
2757814
3310954
5881609
1245723
1512160
7311451
540143
3712918
112513
2961024
2843444
7695899
706718
1828506
3477315
6733559
7782417
3078544
110917
6033028
9537304
2668860
5671837
4984094
4504096
3727359
4478880
8088238
5264537
5792958
7678205
8616077
6825978
1331097
9528256
5370676
9046528
4555863
7056318
5931652
5020350
5009713
9998864
8626272
2052152
3989376
5298306
35900
1773909
137302
9073067
2252339
6863406
7955942
5600499
4011177
4840641
1857889
8525176
4598911
8970482
7153466
6107257
4782942
88332
9674805
1051309
8054205
9319702
4962104
6912871
3965107
8561383
7813184
6031931
9675962
1639875
3650610
3812924
785142
6576332
436196
253753
2540677
8537354
6695928
4524363
911872
9702516
6106335
4748721
895754
1544081
4393924
3188806
467198
3328045
5476748
3105428
4301709
1596312
5878491
1091248
7637975
1843626
9421696
4796762
4536185
5334324
4838845
7985691
2813571
1558778
2774751
8568781
2416038
344033
8019535
1744261
3388503
5832788
1955097
6327975
452415
1100091
2075703
703583
8262279
6320381
7370716
9076192
8724662
3978591
1069966
7639032
8733335
5645503
228096
9304863
5736391
4591530
1810273
4208749
2561927
3388798
6832850
834712
4879011
5847098
2245356
889370
6426728
6795332
4485512
9512235
382155
9175024
962598
1891390
5479809
4481925
2463741
698813
8328703
3264509
5485077
4909157
2680809
8835573
5674920
7242036
1746204
9025839
6168532
2581183
3003704
9006612
791774
8401396
856718
1011245
6917720
3080027
1302039
8776453
767057
6268041
5119966
9153909
8165434
7928956
1389963
2934698
6385001
1901313
6053836
8516238
4714262
4194698
3871628
9256945
7530397
4989250
2877845
8099259
2003401
9632981
2970541
2727257
5806674
8615660
5115895
2829291
4362581
9002863
5955314
352317
5098324
5531979
4051057
2094122
9437512
9178582
2230841
8859751
4325744
225079
2134254
3312863
4653319
4552948
5413255
7966161
4326476
6763136
7781936
8409295
3644850
321158
4861465
5870008
8859501
3345139
5596464
6119644
4540129
9846662
1615919
7970612
7292848
2294066
2103085
1337160
5129284
4801119
76071
6895271
2737542
9071421
3339018
5257902
7868814
1040561
2545250
4961195
1196137
4350547
1159406
9583904
1015228
226734
9210908
3351492
6610009
5357512
343998
668119
6327215
1827925
8570794
362960
947864
8406791
7315747
9031664
6611945
2531055
1481851
4153007
8718762
9568363
2259785
802768
4635420
2484242
3958902
45582
5056508
6481170
4577675
8310525
3378562
650240
77262
2277446
2265803
7142485
6412992
1686193
9937846
9522102
935061
1158210
7082490
9907985
3349143
2213151
911883
8801286
4156647
5968968
7611251
3286547
7520985
2805296
5056050
9367129
2123948
683343
4185330
1478021
7893613
2659987
7063364
528270
9913938
4936358
8037155
2319405
5683726
929926
5411785
2761415
8290502
5032933
1415838
8023067
5895891
6411706
9531115
6127128
2279565
8330914
7133638
3112309
804666
9506615
4743236
5947588
620
7123340
2929971
6594903
9883696
9935350
50887
6022168
8869029
784618
870299
3255178
4732227
931445
8212169
3800471
8526271
5726091
8756564
1361766
6924987
4480471
9453650
8764917
5787489
3405063
4457315
7594265
9409885
4586684
3463843
9137272
7712871
6202947
6069937
9536322
8015888
3558750
3037638
2066238
5075092
3782034
4523306
7641700
9627667
176958
9598165
4689633
8922511
7531965
1402941
2855098
5079771
4340770
3127436
4951481
5827674
5140496
9161500
7949444
3223179
7435732
2219129
1837032
4964601
1868153
3231122
8022266
1717481
3489858
227533
7267217
5847829
2188836
4695226
5378234
2291427
3969966
7930684
3049403
2274377
835421
1240448
8905398
5458767
8418546
9087446
6865719
4474093
1237401
470482
2210413
2995864
8435185
9784540
7712562
9650874
6590930
6739904
1928299
9735087
827912
2507877
1685090
9627524
750050
5587385
75681
6012442
8712345
2673836
5520644
4003209
2754928
7278647
2736914
122248
2571141
1800406
9711024
6053617
2929554
2483779
9789404
1809969
3339013
4670884
1452269
1452377
4243501
9661231
5661525
1084326
4258798
9893009
4008131
2387542
6722385
9606076
4546868
354483
1180325
9874914
7237502
7564554
588328
5151673
870703
4754911
2709559
931610
2505002
869685
6290329
6815617
2871287
9068575
8941032
3941815
9819844
1634604
5964748
925033
4972882
2603749
9338934
3475254
3498746
3936768
8542864
9878789
8599106
6843131
28432
9788859
5407442
3495258
662031
9984475
158716
6215804
3252691
2100438
8028693
9633913
1480706
8012312
662127
7317743
2028527
3726908
3440867
5043440
7932594
9455043
1449348
1708271
9807636
436038
7127053
6277059
8942637
296552
5349268
4159429
8591883
1772684
7569126
5340075
1100772
6797346
2043097
207338
861196
995491
775149
6660765
4475031
4269559
2524426
8166410
6935519
8556118
45050
3342958
6254957
3434139
9696860
3947323
195037
7747329
1790382
1916577
2884602
7448694
3196747
6376199
797499
1694325
6226988
1989149
83701
7769672
8147326
9867795
9833711
4234361
46837
8191278
4511151
631794
8268243
3473378
8713940
1862411
2223386
7335597
7605629
6273187
5928865
4897194
8567891
5344536
3569804
3736619
9783648
9364533
593913
1856247
5284954
3953516
5345230
3062128
8801574
2521353
6231909
4618501
4667016
1228557
8818021
1687189
8458648
9722526
8746671
6416808
9550695
6498169
8189816
8015766
9246001
4232734
7273969
585497
5169562
7597836
9903106
9602979
252689
5794300
678213
3601032
4895091
7105319
1589163
2581471
4381681
250514
9990688
8390895
6999749
3309042
4566882
5849651
5345682
7199329
5951239
1947138
5874561
6575204
4515834
7190144
6905134
770754
1830272
5489666
8578756
7311872
8111532
3530127
5043169
5291850
2088328
2677980
9887437
9033211
6848364
5019988
4896210
623699
7976571
167335
6112990
1101565
7970379
6865863
6786331
8969651
8093794
2073934
8894107
1321138
1808682
9574289
5478475
1251107
2347797
8192801
8964978
7771356
2281312
2123778
3900029
7875716
3396726
1473937
8683283
9152899
3368526
1979776
54222
209982
5742293
3740874
7453637
9610722
6817641
5501103
6187645
5976334
3194241
1450195
7755378
4758796
1561424
2132939
3255190
6013181
5450031
4899297
4752606
3120426
5480030
2279508
6492132
967301
3733703
2237221
5640265
4658190
1572525
3657608
643965
8261096
7852003
8423632
1977370
5127434
346894
6074835
839293
4671474
2868681
2822410
4474267
3127104
1380079
7595952
317852
2555750
9351388
3498632
8709533
1378092
8926824
9012852
6272313
121270
2360426
9905435
7463600
4871485
5968725
6731049
1492789
9114667
9530314
3543995
9139191
3012239
476391
5855620
3961591
3562964
4560257
4999585
8548274
31872
1839168
5366956
6331143
4925672
6660687
6208106
580170
9716135
4891196
72706
7449443
3013218
7295153
6861761
6562348
6029703
158856
3371953
5747555
7939532
109785
5833496
7680653
296173
3174284
8231631
6604782
4135560
1557843
1601440
3319655
5850535
2011508
8185777
516503
2484164
1203664
8659200
4148907
4721796
6470018
4448332
8960838
9445080
3406600
4177749
7050562
385653
3715384
888998
7646297
5474785
7287630
7029080
3355010
5403772
6290458
9903132
8098862
8096034
8551181
3137112
6638260
6631482
3228499
6448915
6807859
5838082
5479709
4526646
5735965
3458419
2789043
7216483
9011009
8449518
7719777
6288876
4886295
3505569
196918
8012897
2383949
5071816
1239465
3889670
2032359
9475880
2150433
6983719
8223405
507503
3666824
5760526
3935232
1535240
8936374
9902539
4085189
5771561
2825051
7270885
2740662
4134722
5913692
5741292
5974599
7475296
714355
1700068
8246139
1116871
1849161
1083128
6046715
4852705
5632035
4887899
1756101
5556731
8330001
8358271
3100306
257227
2680649
6432664
2068329
456005
3969168
7576060
5548490
5979246
435302
7589425
8302467
3287364
3589123
6933180
7853659
1909661
6308742
1830850
1560431
8836158
6569901
8751357
3176061
4878037
5026658
445924
4327795
1772671
8145362
9775759
4921860
2196923
179453
6301083
7708223
5061842
2774141
7735932
5302869
7046859
76931
2015952
2333741
1915296
1768042
9874417
7288920
3575458
4996144
3773650
7791727
2737942
1593848
7907273
7934294
2265695
3554358
6660423
7954266
4986507
1244308
8843048
4047624
8784365
6438386
9748178
556766
2856066
463148
9959022
9810166
4895626
7580734
352865
1959638
5165770
9929720
4732650
4568381
788180
5254903
7816719
8498388
225911
3291408
4043467
2437943
3794477
7050355
1981533
6275456
8804017
5802876
8906093
9436812
8895935
8636641
4347657
7045822
4796617
9776517
3466804
7287404
4518094
5668936
3049321
6669390
2201392
5237276
8398755
4696968
2187323
5502475
7295549
6214140
8875193
4642674
5892659
3001838
4389070
8083170
9024643
1453511
6970458
8884902
6203411
1190594
8260510
501347
3124423
253052
6824716
9304303
1805427
9629153
6102651
2749250
8914128
4286685
9263669
7202808
4311033
8316922
8973011
3791332
8603278
5431254
184446
490241
7143645
2815813
2049062
2278526
250613
1255412
462676
6785425
3649313
190439
4512520
9660856
4518745
2459591
1015070
7917713
9440459
3501285
1096600
2039512
8291520
1707501
8265682
7453475
487339
7993551
3163567
2867244
585529
3557944
3940908
2031386
8886226
1755211
401290
8785099
1605574
9980084
8602140
3997149
967227
8047169
3668275
5289869
4164101
8244642
2652081
3229287
7914263
5534258
9471422
4952158
896590
6047988
6863129
9935096
7201491
387423
7758184
9825222
9798105
3199166
2963756
1675320
7324237
5496650
4095199
7235606
3676566
1472240
984955
753329
2762128
866704
5571883
4838481
2908104
2229044
4521743
2355994
350932
4549640
8909605
3458296
9506104
6458973
3867347
5272253
7725182
4453035
3185794
614768
6462722
8968877
9512370
2291979
2302998
3844946
7790448
7072372
513228
555581
7145624
8595040
8189955
8429031
9634724
8786303
7455056
7038122
7054004
5956099
1842964
1992663
6859735
2497607
52320
597982
2470107
3025648
2092594
4823218
825592
8172833
7595518
6483880
1960047
6412998
4007100
7149633
8291688
3715495
6418545
540280
9012516
8261228
2063988
1922127
9461212
6384257
1063919
8274949
1437027
2541754
2542701
2294216
8723949
9638969
850744
1718003
6565654
3579684
9006809
2794656
4211427
9207080
3210725
9642544
8523396
9166613
6353691
4863137
7105867
8491336
8791419
5671414
9669310
5706280
2331291
6630776
9829233
7863962
9374112
5343672
2341
3363367
1558907
5180910
8036007
2800057
8048491
4137536
7155826
2340031
6412428
704774
8208133
8670453
7445715
6509929
4764478
9613409
7884445
4731515
6929183
5807884
9847332
6940613
3561279
6884126
7300577
2169043
667022
4346193
6004393
5300825
1336505
3534845
4740569
4100623
2266714
7214706
304715
2878323
5055733
8963231
5204925
6462558
9444799
5574815
5183868
1880928
2583441
9994799
8118260
101280
1077783
2998460
4532553
5069133
5788790
7268979
8931757
7524285
1334903
9462990
1983040
168052
7730932
9470673
9762262
1354310
9682058
6610843
7212639
9165112
8139984
7991844
3865589
4383799
5306283
9022159
4583009
2854471
4698080
3905149
8015305
1878718
1912055
8730002
8905705
8948162
4884302
4121362
6020395
2070110
3194415
2510458
5596351
8300677
5355259
595604
9879716
6512778
960104
9839839
887794
5267020
5820383
6722975
9184372
5857250
9791380
5370001
5772935
8796293
9430507
2780423
1743828
2499740
1007391
2824702
6782979
5635089
2640297
2750202
28910
3739308
5470151
8242684
1826613
8408121
3132459
9179618
9679621
2391658
2401528
5206978
3475369
3297664
321112
4005894
7387314
7087314
1236814
6754901
6820564
507157
8579975
3651243
2290523
2490114
3383583
3306850
6428117
3675617
7870227
3572856
6943794
3311726
9064424
2261512
4059328
884233
1585622
1719081
6035770
6898728
7940810
8547274
2972285
4621902
4749287
5288380
3296653
5685199
2139275
7522462
4356650
5577987
6790447
3160687
8821179
3485466
5536901
79584
2286620
4993464
9460431
356371
4867695
2102385
65364
7192574
5013958
9031403
4792723
2990764
2793383
9096922
7294574
9401268
7498576
5600225
2931984
3821120
3734675
899455
2740811
4376553
4870910
1942961
3388499
1925874
6500644
9740985
2680778
4158288
3316033
354346
2018554
9304291
759376
2772942
9090080
995332
6076501
5084568
9029813
5682480
814943
289306
3815464
1548047
7365883
8472632
5073874
3263676
2943760
1896365
5128571
156428
7241484
8633900
9405893
3571053
4987743
9453145
5240269
2394126
7303970
9282913
5527783
5229724
9725172
7356064
5109550
5188050
6071444
5661489
1667479
1652292
1114412
384485
7906405
5866841
4075353
2836232
2111997
6221820
9990300
4766439
2098062
3466512
9519547
8413881
2133420
6948129
7567927
3115501
7142133
6868916
4347536
6583272
8868063
1881945
2306834
8516110
5407987
9785808
3970591
7218074
4656270
6583127
5754126
6440300
4805241
7008297
2346470
1618432
2794643
8489172
4401424
479823
8477770
511363
7723431
8474145
154907
5719425
3241086
9827741
3733918
4704853
6061945
7320434
5720297
6425930
3001043
4438653
751901
8559232
6144855
5994615
1670260
6943000
5182741
5386335
7547750
7571198
6751286
8382597
2562121
3573299
4835372
6981346
9604169
9543902
2957647
5990025
4074032
1415772
6103557
8911991
5248937
8406713
9166586
6631702
5524127
1245047
1916345
5858346
4437533
5942103
5588312
5018625
8745861
6909021
8934409
3189856
6607257
4367397
8902979
2580453
9248137
8197676
7463207
6563953
4918093
1673678
2551130
1456742
224853
6965593
5489708
1305403
3628653
1390418
6351055
3680575
4267919
2629934
7849470
570131
8287182
3445425
8759963
1070649
5945074
9954692
9118998
1729298
1533086
6627187
9261322
3591145
2077453
2324782
8195748
3512128
984194
1327878
3562721
5048427
2377253
5243823
9319949
7359924
7380085
9007124
6234092
8540018
7435653
1388302
7262627
7988280
2134639
8725945
6653424
3447603
1748077
8498788
9055821
7332846
5881281
5659367
2125955
8875601
5483838
4538041
8693296
8866667
1141949
6735103
2562604
5331965
9315772
477552
6194798
9802607
2177016
5022112
3985371
2863329
8479268
2054099
3553612
9325621
5196927
4413123
8944377
8439768
216265
3399134
1080521
3905863
1311067
8260362
8659144
1807080
102264
2359833
9687744
5027995
8108959
3989150
9239441
1916576
5954086
2529307
4121292
8741659
458305
4552989
515747
7388268
3746483
7281060
2082121
2250736
6573946
5431286
9101538
3029362
1381414
7209320
3986347
1963875
6213284
3336845
9581338
5249659
5363671
3024038
7949566
1087338
1748051
9523815
9971203
2119358
3506096
3535508
4190263
7224095
3158005
4479378
3948406
1159361
4695747
1130998
3591615
8364689
3024081
6744363
6507777
2745661
6487606
3867732
2683048
8217910
9627216
6759161
8885755
8727450
9068723
4122613
9139587
9034729
4535425
5868643
8497116
237606
1114185
8565585
2860323
3849560
6341257
4968633
3545216
1647970
8140030
2072589
2644118
7469789
4552306
1893152
9900955
4620703
8167172
1545730
9670973
7069228
1436583
4777948
150982
6784842
1376809
883515
2250328
3959735
1665085
2873005
3309824
8060697
5466170
4043412
4056128
6577424
5449596
3951523
1274213
7691771
6937795
9561502
7268673
5497086
240176
2849201
3574449
4505611
677097
3650767
2310605
5651998
645674
6066233
5148896
6008931
5045697
7344080
2756171
8905493
2923763
5984052
8488545
1790392
1730769
9054115
7164101
5925181
7949178
514229
7856834
5296326
7149235
2733829
3336625
9980294
7187982
5930319
9581903
5745496
2409475
2678069
1497106
7334161
2142237
1440471
9363921
3711493
3314248
9529642
4712143
4483304
9543187
3152794
6428977
192733
7780008
4723206
349528
3768578
7618049
8162188
8621594
5692587
6459374
3346541
4218004
2303060
3782143
7247116
577724
2017157
2861315
7290113
2126355
1563609
5072306
3369629
9068403
4176596
9379781
464876
1597579
8780316
6990441
3373397
4792248
7661897
1440236
7060843
2722835
9253117
1288389
393178
7021403
639346
4309577
1536224
2353604
7281880
1505305
3770467
5481048
3522922
596024
460446
294288
9499518
7479259
7025716
9745355
2980349
5866838
5192479
7814121
6520323
9814148
7389836
4368388
8718264
5731102
5931270
8713085
7371591
9937375
6136766
662090
1213876
9984645
5016526
6937921
9538103
456517
407003
18639
3067680
2225392
5319800
8883908
4908209
4746928
4465990
5814713
2291737
5013218
9138466
1781306
8626224
5162892
8417621
491752
8615920
5004472
1551613
8188646
1674811
2812511
8095370
7767028
6901525
86182
6327706
7633792
433518
8756545
3152667
87779
3504590
4457292
9538305
7509569
6082993
7025832
482212
6954505
2121338
8783971
5172717
4224362
9114092
657548
160638
1849551
8303698
2078812
966852
9233899
1508938
3293468
9776548
6394069
3093228
975303
9291142
5021268
962226
9936730
3646383
5840618
7457889
5147668
3359319
7974362
3932975
5383664
6576854
5031294
3082966
259258
1331913
1629740
5546217
3442909
531303
1321973
3289498
3272674
3243834
620618
4506494
9078743
4666899
8502401
5142777
469964
5879587
4430637
4329824
5138614
6454059
9518200
5194718
1145261
4310754
8802192
3177143
7086456
7014319
9713608
9106893
1918365
5798638
1338279
4127302
2603645
1594058
793639
9744602
170131
4965959
7815885
4908337
8246080
5190369
9678880
2328891
7484051
6531108
8052555
9956626
4834716
6187709
7977488
877184
4340859
1094088
4608122
4900924
7458159
278240
7844596
73540
8221917
8801049
6362319
9489615
162792
953727
4230319
9110823
2268411
7250221
8087304
1115129
5465457
4571079
1546736
7155669
5681289
4806911
8106891
9704364
877913
986205
9905460
7249998
1753036
1591466
5015703
4659009
9900824
1214879
373757
9775132
7103198
4315239
1750102
5292656
3790828
9314571
5232899
8425400
7022732
2440278
1480757
2563820
1381622
697893
6655874
9821576
802920
6264334
3853581
8829277
4223277
3790513
8624659
689050
1114647
8052550
2840403
213796
3893320
7234864
972109
8936600
5884391
7477285
9797808
7054320
5082020
5366261
7157475
1398080
614747
8304736
7126208
291122
6810325
8265845
4042047
1302424
3165403
3828766
6377999
4994701
6635039
819575
7726243
7960009
5294007
439291
1979053
1022249
6915713
9970552
8634332
1510614
6007116
3397817
1446211
1374606
2162217
371756
7634904
4318294
514644
2667061
2635829
6687733
9420514
3057009
8414057
8142431
1607804
6546922
8169473
8707595
2007286
4034766
639057
3490313
9813540
7264614
1932172
2599591
2857536
6075045
4407186
1661922
5613746
308631
214295
9671833
4327038
6664041
5655791
9691875
3134780
1533700
2785636
5249339
1957175
1744762
44699
2099934
8005835
1294924
4492271
5694241
2305842
4967937
3469820
6573989
9341723
4012233
5600672
3620741
6816611
8741365
4103218
6783163
3417069
6383385
3512346
1237078
5016984
9038422
9482818
9597320
4199404
3608693
1110695
1735125
646349
7107613
9771037
1601685
8966625
2037634
8528483
7278125
8090505
708628
9942023
892076
6266065
5366930
6868558
3020292
8692819
7270630
9050661
1333082
9529656
2382555
7714285
8702190
4396806
4840689
509262
918443
597846
4917003
5392658
594579
3164784
4649673
2201264
577071
4272479
9264707
2708878
6403185
6296618
2058798
8985060
7929725
9457336
8963441
5476617
9992033
4900638
4937027
119234
1193054
3386485
5397483
2903960
9658337
4308147
4063130
1928279
9008939
1630596
8341849
2682820
5871729
3160581
5101043
1169921
5184956
4988986
9261425
5978619
5071057
130000
6431405
5502432
9955118
8459599
2396796
78552
6010972
116858
3583362
9776747
2353943
5049861
2809502
601735
5749258
7641934
3702498
1420883
5105105
8686116
267903
6365898
7785823
9551729
7483624
815616
9697009
2223734
2128524
2339944
405511
9076075
3454119
5669624
856074
2332658
2550653
7961848
4597759
7453834
727111
5856804
7546823
5483217
7682473
6517616
278223
3110653
4412161
8660542
4077019
4989927
4175423
4459539
3082964
2355052
6381866
3327372
4911971
7021459
3477912
3449264
9537271
5141419
912485
3436121
9313908
2890196
3599709
2131981
1847565
8019663
8951302
3530284
5206019
1635708
1571038
3483440
4403908
4943117
8828735
6738318
1546816
6850337
2622185
7462896
6393358
4225971
3913390
6032022
3692471
1148116
5399960
6122805
3670712
185749
724904
3625969
4947922
6173411
4752419
9485058
4535641
7296613
4161160
577421
5926158
4738724
6867621
7251865
8410680
5624616
6730342
383028
818169
1728394
3655264
8357523
6593381
7246384
1668906
5137593
1626448
6645867
2320964
3279599
7301940
1216994
6298516
2731685
3128868
3503636
9039639
5053688
4856374
8494602
2614116
9977071
2861198
4288398
3296832
4208667
8749110
1922088
8825245
9972802
2633204
3319747
100976
3692817
9533103
2395395
2313917
9666730
3269443
1801688
5939970
6571598
455498
7381580
7797502
4173114
1076095
8865935
6329907
1094420
5577599
8952061
7709225
2505600
810998
641017
6465583
500007
8680998
8113018
9653737
4894326
8741064
8398789
5742379
8660325
7705144
1092846
8386927
5374526
9245615
847015
1079595
5332852
9024740
708053
1068568
487310
6162521
242967
934084
7593158
6956438
7911789
5952287
5037721
8652512
2213577
7687234
4990096
1688588
3655021
8559365
4625076
5997051
3740392
1839494
3847756
739784
9694555
3628706
1643481
4169621
4325171
6879769
966199
6064520
5827907
2211923
8590203
2876188
1354019
5699704
6380566
9927819
3418595
4453886
2902363
7085837
1159602
4595403
4238246
9165080
8062853
4334223
5401038
5555400
5178763
8375470
2600668
5354712
7113700
487459
8185243
7235742
2280767
4971436
3314673
5078110
1840605
1649304
7976332
9591260
3410781
988379
6208764
3075817
4856067
2376531
1962032
9074794
6105666
9625823
9348376
7085381
2345558
2081059
4571745
7714878
762132
7081306
6700812
1975914
7152266
1184111
9393311
1971460
1619440
9052226
496315
2500957
2410798
4781856
7425874
357392
4516133
3082673
2657934
800633
9506047
2549670
9553686
4027806
7469343
9368391
1439618
6369482
968510
7576202
7711434
8436259
8246157
2539713
1104629
3683930
3817248
7509196
539656
7227463
9310842
2473876
8695054
4337613
1365950
7134545
3204240
2684001
9563396
953036
5540238
5310555
2791887
7410313
6616928
1501807
9541093
8419712
8238120
9419255
14761
5422766
5199289
6521018
3622831
1472163
920262
7583037
769128
2771170
7975089
529401
8474599
2755403
5987812
2856958
6443535
225363
4249749
7332048
4253150
5770174
2364841
4676839
5863502
8788593
4308775
5966150
8403996
4110376
1405473
5369827
4044016
8358250
3443498
6260216
9485663
6883408
8362154
6615237
8400424
6411668
2622982
7121179
3460432
8414883
8299301
2261726
1983240
7441579
5477903
2482562
9883477
8282565
666313
5384854
9080083
7892299
7331990
2569772
6799845
4582030
5010728
3097397
9613732
836056
4406354
329946
9959009
6971228
194123
464939
9229477
6905672
7461397
3747568
6630639
6511394
3666174
2105938
1674664
9989899
6643113
5135940
9509099
6009443
132608
9989942
3689456
5882412
451764
9809225
7943068
5788997
6802112
151898
3321801
9281921
8241342
1758584
2492481
6926023
8564972
4637803
9838272
3059219
7820422
5421359
4702448
1219290
8949356
801993
7321659
8403052
173977
4295984
7621406
3467254
2929778
2502186
7218341
2976177
5238077
1269731
6881082
5396504
3786637
8165625
6444324
3529624
5837326
4433762
1704787
2553582
9208288
7527393
7707619
3900815
5710667
2875323
1005889
8403404
1653259
2586930
8492756
1025873
2320441
7307670
246200
1995790
7802784
5430720
493669
4470463
2679659
7915728
7827894
4705772
4794684
4095160
1119116
770763
4382439
37442
233318
9987858
9064767
3955643
5339454
8255950
5688585
7641883
360582
4183027
2578269
5332471
9848500
6939354
6646337
6757094
6372882
3139804
6682899
5642496
7611165
1255302
9012840
7983906
8063634
1246153
7578096
6689466
765325
802157
4575280
4792348
634411
4426542
8522701
3348197
9354973
8253421
974597
7500628
8198436
7038093
7301054
7464588
5632812
1933164
11749
7695699
9953571
3118456
697547
1715206
2589667
3846997
5901763
7938175
7386368
8175081
8168310
5871641
4167344
5744645
5647217
6049041
9760221
4699446
8671549
9232824
5514107
80950
2914677
3749093
5489580
4032733
6982645
2325709
9154145
5293861
3197656
2810252
3453993
9631949
5117414
6523929
6956501
1305247
3325026
6222474
5796465
9266261
8554546
45799
5373708
7433602
79702
9102827
6791241
6936497
9526529
4348734
6582113
8435034
7753638
4554295
5047487
5908866
3411536
1767966
9505927
1979399
7923545
4661492
1632305
9538935
5789481
7182324
7171093
902346
4246942
2873683
1377287
1937172
459784
5883689
2264125
6644979
4990539
1065056
1414100
4665910
4545910
2597797
7287215
2540031
8118799
9029002
7688281
1066173
5540712
9767764
4326486
6430655
8589525
4586353
2746120
4741239
6133474
4963622
4268
2933737
5971844
8542004
8450461
5743435
3303883
8102278
5504007
7342398
4363329
9691697
6151057
5925449
3737328
3029262
1014456
1878427
1818315
7760006
8109482
1098593
3882431
2374417
9100551
7876688
2526387
7385165
8898048
6283109
3083453
9959816
3561862
8798218
535247
723141
2156997
1188647
8182363
6043624
2982173
7596568
8660972
8108614
6081106
4283854
1584592
3252842
7060541
2856218
162794
6584768
287708
9296082
1482300
4334396
603935
2540655
2799720
4939874
2122621
1579407
3752320
6554507
2504425
4124690
5256068
8212964
9609722
1123684
9027675
350722
8420375
9251942
2961017
7014505
6917276
7859463
2630503
6661300
9173136
7170458
5223361
1386112
6025248
4468167
8883625
3519005
6082674
7451687
3984786
8508400
824167
4253553
4511442
1656027
9312436
8501733
829399
6296695
5003843
4671647
4063162
4792580
3864009
9883605
5851692
4568341
2800413
2083672
7379731
9753930
2446759
9589740
5537616
2424401
3239905
3258450
4246648
8591556
2515954
1650438
2474017
1211437
9264970
5075061
4218543
9250568
2156896
2787201
3662634
3675842
6933164
4183034
4951074
3416292
7027918
7441679
8135649
6520849
5284982
7297023
4911536
5613052
4449104
8719701
5798142
6864528
1872267
2863748
2101785
6068085
7030023
2278711
4700211
1778999
3148662
742851
5369448
4248967
3905473
9238401
9354233
7753124
320988
3265420
8455188
8884613
6759058
2197445
5987388
1503358
9851810
3960385
1360426
3162274
7240840
103320
4551530
2626126
7339615
7841583
8291425
4749479
5640106
7929844
2880987
6555194
2937404
1184414
9659381
6969201
9346926
8497170
9032900
7792540
6285382
4220642
9960720
8605907
2344247
8702931
2221551
9615427
7025462
6514743
6418059
6674003
2591683
9845343
2913759
6247384
4972947
9919507
2796419
10352
7497770
309302
2164593
7864694
3150120
3998103
5843796
7285441
3557542
4971284
8420227
1338802
9090902
6415327
4735799
7825970
2095501
8799049
5728459
2629112
539027
3880337
3295456
66321
5957068
8031125
1800922
2095834
8808913
1042605
1569612
4488645
3449730
4558000
970845
5603872
8292481
8318301
538850
1206049
125612
2368344
4303035
8998569
4725344
6579555
4291058
2671702
6756485
9762942
8277670
6038777
3006500
7577175
1979193
2124157
2671984
1319426
8874437
6736944
3578291
4287248
7302857
2513948
7194879
9788962
7295024
256033
6798432
2361467
7547332
4669790
8402815
6936396
4506982
1970232
2973633
5897471
9011935
793384
3676526
9867414
2234761
9873646
1272731
6846104
9822664
5320393
5516762
8538416
5747979
6246026
4648686
7813054
3390105
1587455
3206845
2277721
9531555
2214405
228705
9271079
9438312
5034913
8928981
3972930
8008087
2225640
6876954
8820654
1869737
3588707
2659020
8345612
5955493
6495854
5214693
8264314
1630875
9671381
3170338
2146217
8607942
1491005
9607927
1594864
6768976
2667561
7026368
6676045
8623074
7750532
3339026
4516282
2128829
433984
1845301
2206434
6437697
66010
4632720
7495161
4925745
912043
5798028
5417361
6035535
7847166
3169642
3660662
6734218
8823777
3373288
1772329
8331027
256057
2281123
683520
6378778
1570317
3057084
5579222
739928
1190251
621175
7943100
5888852
3023843
9299521
6129700
8715753
1060992
9607340
2025128
1469258
1842360
6672176
608177
8847739
1213241
6798380
5688681
5145099
3686248
5390164
1412240
2019503
3453280
6633628
7783383
9094531
8242570
2313532
9940171
9966275
8679512
7691606
3134152
4250400
7380139
2158307
4425338
913466
9838512
8251161
9870625
7583698
4192153
4995115
8202500
2194825
3036870
9637742
6962195
2097567
9548857
8376639
6968194
4879213
8646860
1815410
216963
531858
6862094
356794
2031633
1804275
5303008
3675472
4212969
4363405
6067583
4571376
7904157
2262537
2826422
2953170
424392
5500396
8685021
5949374
5114012
4171352
8140031
8049362
2761807
3125015
5313275
2493547
1037474
7955136
383476
3958995
9828450
2181883
8534525
3212291
1129764
4988355
8312880
5594530
1278258
9800148
1437854
390904
3006705
8789523
2608878
1824149
7697648
1245573
2516139
8746909
278819
2786361
5056629
408550
7823073
8674419
2889072
7450852
4792947
4102925
3921450
7037799
1874143
719861
9103821
9540337
4706187
2882760
5231373
755907
268960
1785914
3130050
3843979
4495690
7803778
8308284
5082654
1133034
2458700
8814003
1781905
2554454
2856545
7846994
3320863
5825542
2317831
3657149
8720625
2827304
4024472
3937411
3581471
3953923
2992491
5777984
5744587
6197649
8324797
4777871
2654354
2967253
7045537
2417250
649974
1233125
8659352
5237974
6123667
3699648
8945319
6930857
3228130
8449076
5864700
1796566
4470308
8320847
8573049
2640954
9023751
8116059
4510004
9456062
1786702
5214477
1440547
8663614
3431806
2988299
8485587
2680961
8809216
4755889
5126304
1829891
3223521
4616733
860950
5453186
643340
6219625
4413840
8368790
9137921
6582190
7348745
1320735
8202187
3637485
8853961
3967273
3242266
5402469
3500352
9595202
7797259
4579225
8470421
847797
8583606
5632560
798945
2797903
7087720
9868180
6580756
706724
3921257
9053724
8491892
3545466
4164367
484800
2273646
7770768
3112785
8301229
7202776
8220280
6086482
5387352
1901253
5941518
9258826
6022913
5477744
3369459
5632276
4454736
5219643
7939859
9884965
2274614
3887424
5558072
855245
8403948
3037714
5477843
5115102
5325090
2259212
361720
3833249
9160058
1546024
2985169
1138070
3797004
3813813
1733324
4304984
1764481
6391578
5364973
54452
7519891
7380986
7998867
29297
3789943
1058156
7079561
5344712
4120678
331898
9805085
1771933
5750802
1020316
4895011
3576826
1458900
1121604
3582403
638328
1149404
9135323
2833953
344736
685397
3176280
1873996
3351748
8938713
5267839
5307750
9088741
9687979
8148788
5394791
9429011
9197607
3904124
5974272
7265781
1938659
1254680
5774674
8246392
7213629
5390430
5223587
5451530
1896219
7118138
2214401
7306697
7298431
6027983
2412758
2824047
7589347
2233351
7177282
7723044
8041442
9767047
499433
5611832
1572907
8724506
9573519
9345653
2049157
4378312
3675961
199909
8107869
5713400
4212406
2765123
6073602
6596775
1559650
5532239
3328929
4928166
431448
808448
3816654
2178083
8390492
4318682
9308291
5036415
7908988
3511444
3093869
1919119
1965122
1486796
7590894
9884406
7724989
6153950
5179262
4108225
8590216
3425771
3939911
3823474
167576
1192300
5351001
3969299
4657734
4838284
292057
6642675
420241
849409
7215414
2010609
6810557
2036210
936527
5801321
7388715
6095295
9142860
790804
1950071
3069421
9419521
9408769
1649142
5945446
2126233
7903647
9105180
9191127
2799924
9251776
2021463
1665589
5435809
1041382
8813771
9657964
8239380
6108068
2797454
1972430
2615195
3765963
6630404
951425
3607518
3058031
4096663
8337867
775242
3687388
8185592
7902244
1401145
9852407
4308426
4674309
5591825
792390
3315375
1312231
2110826
8124241
9796839
2957426
5716548
5229873
1156512
5731089
4625441
4195015
1092047
5008807
4522476
7541013
8153974
3794501
7374205
5562559
5117736
7021174
3858932
5985816
6703396
5346510
5482527
8898111
9434000
6218577
2102059
9035914
8949680
4308152
9071715
4711538
269487
1212048
1020818
8217069
5193506
8266735
1858783
6382043
9014603
9702122
6047556
9546853
1261406
1701717
3674158
3833965
1687598
4865226
7090698
4724690
9417810
6315179
5924261
6172439
8850499
5536419
2956932
2041029
8210339
8329651
7894022
4322662
4243264
635071
8394284
4768579
1351534
29530
8353185
8600131
2181315
1434427
1660835
1070500
4810880
9063327
6223007
2671663
9789260
746259
154370
9821626
6073567
5575205
973646
4710647
9999701
8318893
7044223
8985842
8479629
4272158
2613296
4467179
1467751
6629053
2274286
8675556
2318239
1958177
1469671
8586672
4585664
986794
5759013
7030510
7917473
9912057
1087738
1335323
6760423
3655222
4529267
8025070
5460524
9007336
4580952
7751988
6832854
8264821
6466705
2128714
3156171
8178112
6849692
2493726
9230061
7980417
476016
6541336
8731382
8085640
8184120
8603345
9172541
238996
2395446
5238099
7759928
9737864
1986560
9684182
488492
8603590
8627409
8562129
4143085
8915980
5373465
1043496
9743248
7126076
2580088
6779346
4146684
8292540
7348300
4983334
1984943
1193223
1895642
1218070
5919477
4832273
2718241
2194456
7292977
625222
1423160
3727541
4118625
4914673
4936637
896651
3467015
8427448
2952341
3369006
3606847
2321161
6367884
8380634
9766518
9345239
7105037
7647167
4218391
5125840
543960
4094679
1466069
9116260
1971743
8436560
1420652
9316395
6939288
9728775
1927600
2742841
3181170
8261436
9294545
4941650
7155086
3174522
5399697
386956
9575691
9547254
7094688
5552677
5672845
6639280
1055519
470920
1521339
1756223
2157717
32917
5141813
6858737
7900120
7128696
3993564
530660
2869892
5083478
8001961
2130820
9537277
4736333
5037844
4394805
6161686
3477250
7256428
7693492
9031206
2581674
344245
5412403
4123094
780321
726901
6742188
9388841
5021878
4757858
5583003
5046919
7323951
1804206
7420116
8803760
1223501
6736689
6925336
2870239
9992280
9080056
8579123
3971659
1773484
6878766
7438198
5800105
4709285
4943319
3671104
3503825
2677030
2386437
6683344
4831852
9950729
9108838
5002106
364029
5093481
3200680
9210477
2917323
8817181
7992155
6312261
8388839
1676419
7187476
4555945
137235
5995733
4056594
9928286
6970916
3955836
2526042
1164658
1411545
2971286
9054735
7451702
8911069
5041688
5962793
2545399
2641826
6336647
7982078
494753
3045403
1786871
5593889
5931034
9490749
7871899
3279290
2169434
6424588
3400664
4633188
7006851
3090435
6807829
2912542
1738354
1843829
6030836
9183775
8076512
5214541
4026033
8776434
7456513
6927405
5302414
259101
4953238
7890498
9445136
4419134
6023692
7112296
7755841
9629338
4781978
243700
6320869
4966051
4811545
9777086
8580081
2324802
9445804
9154735
9879202
5170684
7180607
8959861
6485428
7674422
3695350
7678494
6139420
4313269
5537642
5303942
3967203
252121
7969877
3438898
4737563
8756688
3219506
2367595
6312179
5136193
4430283
9906895
4299601
7797622
742816
305752
6617114
5949905
6068875
4905868
7519619
2898529
5446946
8684704
3814280
4705607
2940437
3334473
8223548
4228390
4803774
7942745
4782409
7577050
9820093
7998208
5135212
7481844
3739951
6077040
1234319
8169193
3338609
8860464
7683812
8419775
7515672
6108893
3378381
6194183
4488303
6212839
3835565
3043284
4488111
2135891
3265417
9071111
8120992
3369354
9519922
4809050
7353882
7957871
5174971
7221572
1949767
1826298
9625962
1252115
9937060
6728596
9344811
5765545
1063076
3617061
8459011
4635785
4325318
2742782
7644213
6341365
242671
1851900
7856125
5464237
7923067
6225764
6562193
7643417
6681604
8904332
9777133
1359109
3018236
3263506
3572196
7030604
9636734
2558211
6204042
2962916
8957518
7641201
7073711
7522849
8056419
3564552
2231497
7937819
6425502
3802953
8716485
7826674
3945931
5727565
4720848
6525690
3938104
3111664
1221095
9519601
5169005
2077015
7525575
4987665
3837737
6074537
2743392
5520820
991055
6336538
8347095
3015934
7609835
3385453
5191001
78184
588830
9872448
6947274
9626733
7104589
2729496
3549028
871347
188424
5851668
8543154
7656266
2535479
6629735
7302873
6445
9094619
4444389
2902049
3936297
9569487
1947902
5240806
1137741
6494501
5104933
4954320
4453234
7107420
3701077
101736
5041837
1121769
165916
9435492
3903600
2919395
5928665
4837299
6823600
1210533
5280841
6752343
7047376
3254624
2256516
2279330
4692010
5072472
425328
5200168
3633634
4881821
326353
6048755
3102138
3341571
7221083
7321385
1870478
54688
9325328
7860603
8284225
9196880
6805327
4524304
8037436
904849
7931172
3303295
4548414
3877578
8810827
6353561
4569228
4781862
7180285
9308620
5704203
6302423
715462
7585135
4176104
9810063
1087987
1031100
7593733
1437034
4533297
8678812
3093300
4174109
1725198
8354151
3412458
5411688
8718189
335514
6141256
6341070
8118711
4454674
9478818
9736377
5061685
4091744
4673100
7513721
5806388
8812588
7347525
5662538
2589082
7487173
6542936
5603699
1371502
4500141
9077954
8591694
1036642
9490967
1920864
2778763
4166855
592976
5138041
5285746
9636023
459940
6655098
6261429
6941884
4836854
4497793
2033762
8086381
7767553
5437980
1572983
496637
9101837
9156461
1135380
5226187
9602548
5495252
5923718
7627943
6154405
3810689
3704444
4139005
4060492
9710656
6957333
3766906
2041748
6328320
8958924
3529062
7587334
9251142
7293569
7776252
3970213
9348801
7619138
3972427
521125
9119772
5374246
1616189
210496
581259
5979307
8945549
6866422
9905456
4535442
7846224
7456740
8400788
2996899
6972861
1555957
3401623
1084105
391579
3116246
3740592
118584
8947712
3557187
1183785
215587
9585107
9704681
9018233
740362
1918008
9239843
5113820
3057952
4910632
3566672
6845332
9309586
4247424
1537007
8254298
187506
5146391
8343223
9159180
6594236
9340169
3328182
8423419
2056756
4554756
3929231
1946483
7617273
8653071
5193304
5607366
3702438
9038236
4994605
5922923
2872345
8429330
9984545
4464966
5029839
7846694
7533091
321015
6640567
3568141
8036665
5991416
5942065
5347746
2884726
1744244
3645887
2581585
8083054
2369231
4121315
3674071
9835677
4919569
6013113
9629907
5674819
4668690
8209000
187062
7758445
1898410
599017
6853902
6825889
6404576
6081913
8517975
9849428
1710972
5018140
488886
3665889
9745935
9750988
4922973
8913688
4721526
7766408
4501575
2029392
4098078
2235664
9033508
3832565
5169714
2125211
9871349
2953859
7688751
4502182
5853750
3703967
6704904
3576301
7685918
592821
2163661
8441414
3276759
3142576
8995816
2790542
1868057
8261254
9104342
8305150
2369169
1227418
6410766
1584616
4187570
6386497
9193569
987297
1802397
2987860
5546895
2271061
280516
1850264
9391541
2787605
9613814
4326976
8102063
3814138
6632366
7912329
8184531
8148077
5181342
290343
4701932
4606062
2567254
1719652
2914475
8969235
5315560
3171310
5958332
9894340
1773773
2032593
1105553
7647991
4852843
305393
2644979
5665001
4125947
9548303
1544810
6164876
9046598
9669730
9049879
2572011
519704
2136220
8485317
2649873
368120
104659
2218097
472937
412543
8546827
3540080
2876722
5022704
5525722
4149142
7062889
5852919
5045986
4186792
1942196
2900255
9595024
697304
2663543
2259317
9928264
2398242
9935524
8984062
5370276
4902259
4618081
929693
2354906
5275444
6924832
8559930
8271602
9817950
5696495
4251077
6926120
6842203
4307298
6684266
6880562
9217796
9432565
6772133
8550113
1417727
5121712
7001958
3774535
5911714
7927526
8021526
5877561
1291109
7415831
5382870
3938181
6839301
232400
6014741
841526
9261740
5285482
7484149
7507789
1301562
8632002
3731105
254731
3915120
887993
9937816
8239311
1584732
7463694
5492582
4313003
3098084
4781570
268999
7456066
7025569
4258872
1240699
9367339
8372142
5830452
8865876
4130338
9903779
8198792
2909345
6084855
3661514
680160
6314995
5876229
940098
9129291
141920
8016066
5273827
3320143
2391750
5504276
4988388
2845037
643824
3017140
8788283
5245852
876065
121050
3980571
6408653
3946344
1281316
9209201
2672470
657866
3926962
2596977
1993597
6932027
7913472
2398875
3987618
5002144
5396404
3443182
8099103
4585332
668293
1611779
8589911
5461876
8545868
8190237
3817149
253633
7319025
7676590
2845180
5366121
8755033
4134156
2693683
3604408
1092712
8828330
9906681
7990348
5802516
8654957
1386052
2555017
4259241
8194282