2913170
8510390
4058008
5203593
8561622
9387591
4992780
9723279
3053727
7376352
9407724
5149014
1902584
3820240
8128617
1586642
8671258
4662739
6338434
6649210
7897734
6499089
4282682
5929677
911667
3381899
1271753
1048703
9395143
433462
8581622
9827280
9869767
389193
9288020
1047810
9362131
6182044
6687044
6528536
6465982
2985412
3063410
2913627
7971547
9605668
9923027
1990426
5512174
175718
7957949
3065439
6246861
8999625
9885269
1662367
2238735
2286724
462225
5901003
5926721
6809904
9437384
1432996
4818509
7621522
339383
813338
6160843
3316054
4287494
7765698
6406953
7441183
4831690
2135167
733339
6376274
6883099
9885877
3580495
3818040
5213131
9281550
7978675
6054797
4602745
8774221
8409622
5450735
3901967
173818
9902305
4102816
8676380
8467542
5880240
7021688
5687894
3836018
112041
6431831
3854515
2521439
443025
6078940
3658112
290144
1823188
2779096
3785650
9502098
1239874
6647635
210529
3713508
6567046
2261199
4603473
7055226
4467915
226519
9396423
2432648
482730
870877
1571704
7703471
3351144
2640509
3904872
127026
9996436
931670
7560945
9969289
8346333
940090
8368
7543311
3187998
1504979
9129576
6672362
824442
8586939
4730837
9514877
6188598
8028026
2698426
7063621
4081758
4174048
829607
7192122
630076
4018703
3787311
7952990
7632974
7640995
5815976
8178539
8640518
9394384
6253604
948877
7118521
5445527
2441643
4608937
6408186
4595192
5113029
8382823
8531325
6560006
6586438
710180
425741
3197355
8045176
2495864
8463223
9930713
4927858
6723913
9322748
2596578
5144249
6148006
8225096
6907097
7287039
1707323
8681387
7804085
7675780
9173206
604712
4832882
4111058
5798708
364068
8266409
1505178
4833856
410777
8564940
7696776
5042914
2872294
7316952
5559002
2263718
643515
6538499
4701715
7388239
4563611
4873846
1087587
8891967
3223655
2161687
7751332
8558335
3114464
1725574
5922699
7751182
3104226
7850925
4528608
6144230
4606163
6264983
9834737
4721364
1020241
666223
9749374
9214793
8182321
1880972
9804111
9293227
6800751
8570449
6924830
482809
1324080
2420649
4408337
1163304
8816604
5104334
3808635
2301344
4101374
1202414
1407649
3467995
9854406
8664352
8209344
3509345
8544528
8069809
8898884
7431161
1479706
2299958
8901056
2150971
1986692
7468425
1232480
870545
7446324
6194288
9903056
320299
8503805
672405
4772246
7327602
5967052
1410612
3513147
1588436
5367335
6450536
218613
9009743
9352281
4683363
9425295
9960341
8468514
9535736
6356377
9863032
1094531
8580135
5068893
3468839
8460001
3621742
4318024
8169910
3578008
3892850
7399506
829739
5291849
7879478
858490
3541827
1073546
7454038
7309374
3879329
4874381
2265826
8272750
6705077
1529434
1374297
5862947
2183720
5368937
5394260
7569013
9297018
6938723
2458953
2909785
6151071
9015966
7165811
6594780
805232
1818076
6334119
1930252
789049
1441766
7923431
793610
8083728
336663
2787101
2571782
9293203
2417865
2880296
7675314
9449820
8782824
5502166
192574
596275
9286231
4753427
3482048
2164939
9150003
3337256
9565817
4320464
1532914
6367894
4634190
8174478
9576139
4660964
5624290
508165
1706673
2134237
4247241
5667185
5279214
3951130
4878900
7506057
256016
8829569
8197974
8354826
5103300
1853562
8273496
5701151
4478931
8446603
8350803
3323725
9725308
5728644
7879015
8647502
4595041
417195
7148872
9138804
9561147
4984084
3665814
8155500
922295
4205045
617120
2823088
6821226
4123703
2193440
1158527
3244724
3778710
6370855
1175596
9863907
5197176
6710686
2336115
9539702
6313452
9583693
5380930
663983
8131335
8505848
8963779
8636116
4832678
5319231
8263800
2000822
9109254
324640
2388263
1520946
5333707
7084639
3901391
4733570
9261188
3068755
4735276
9501130
927217
7561956
3046451
2533104
227438
3463907
2883376
6951443
7263299
5103309
5211960
2655140
4241892
9012103
95118
6523606
9067567
9716775
3127913
9877923
8820491
3053965
3914982
9750226
4050001
9275264
9818937
6153508
2640752
8247357
5058560
1039644
5729267
8718694
9422790
6228385
2663557
3865230
7466676
4428863
9576059
2225538
4027888
6935795
5075097
8234432
8169918
7274427
7258216
3914256
1481254
8657205
8427543
8154399
8086958
4550322
2372598
6099976
8462826
3385832
6209349
2155599
401815
982881
9909993
6687807
6528689
556339
6759011
6893868
9438443
9686077
5045166
8690372
8315818
7463043
8870853
2024837
2697480
8477444
1748305
595836
7360539
4804615
1878911
6597853
1345195
2721720
8477208
8016702
1625171
1096982
8880942
2396033
8706160
4413654
2121114
5019538
5230868
9013555
3997225
8861009
7471868
1955713
1905433
4336495
2814891
9148922
6925176
8461065
9996777
3691469
6181168
923566
4880076
5219978
7525909
3879439
2539047
4652214
8010922
6410056
5318666
9613218
5107441
1640366
6170137
1120956
8127624
7258223
6077165
3294850
1577820
3040865
9030368
9145886
2240963
7749218
9957403
8828146
6535809
3473662
697406
5833158
2207550
9311671
8371468
4415915
5599277
7132175
3539118
8309493
5106318
1369396
1995225
174877
907523
6656729
2025017
9636035
8252733
7388740
5755013
6068859
29939
3581952
4435377
2155249
8902237
6233755
7334531
7268786
6267585
6274418
1593775
6116190
1380075
1521621
4755190
2855281
5735574
9754956
910802
9224058
3111065
8696781
7385194
9957944
5235168
2669310
9139925
5714965
7407412
9545650
4974748
2221209
8852295
5490903
4403260
227241
7121359
8678967
4484551
997611
593709
1180156
4720393
770747
5640424
304970
2226357
1953019
2452060
7115430
4422111
8384981
6516935
7590254
9303548
9570636
4604847
9174408
7516165
8395539
8723856
4375742
9564647
5427522
485325
4953530
276064
9236727
9449639
1367270
3506979
6376278
2063102
6148887
4171272
277072
3387431
5909346
7203426
2924089
8115024
9258916
4125070
8207900
9579514
9956992
7125514
7564630
455025
2123253
6240492
344504
8835294
5196358
5862676
4997434
5458927
8404168
5762687
8283742
1333041
2673015
7039312
6411928
5025367
4778311
3713473
1581730
3188147
7681322
8488562
5673884
2187017
1075375
8083569
3283035
4551912
1045174
9459889
3821223
5068618
4517158
481174
3982437
1264569
783526
671275
7443296
2414213
9553726
5609263
7147528
4110977
1499195
7051667
6235413
5370066
6229380
7077201
7320146
7640164
6538021
7616616
3026655
9352919
4535614
4916954
4384167
206556
3237292
9288772
2054127
2514246
9085705
5289759
5273980
7613570
2884978
7296416
5290899
3130012
9198303
1537711
5348674
8983291
5753735
94979
4450506
8774807
1374077
3084391
2373025
7894123
9023661
3994463
8885665
1509815
7433579
1663112
3301176
5307715
4379493
5731180
2384770
5030266
8095741
2034620
5865228
5177964
7783155
6225623
4356444
5574135
9920601
49814
2649176
5196739
6119719
7430272
7984626
39987
1511114
7331470
5179110
6979002
3662655
1967008
7755773
1382707
7282757
8914113
6651
9143728
627866
3558878
9227532
1931956
650536
1050886
7700806
7357983
5873828
2688522
7531284
1363451
816685
9035595
832115
5520363
7755525
859391
7049863
6761158
3638515
453262
2189011
5286563
6534380
6013110
9010347
8730737
3636136
9540191
2490076
3499494
6326270
5701803
4019407
9762398
3790588
3776390
1814192
3267258
6350552
5760672
3749603
2490989
4933774
3062604
6142530
2042154
9715738
1407964
9821555
6434327
6971113
5256004
3833342
1498420
1213016
5349354
9817300
6228611
4694005
4255848
670102
9698841
5746904
2040588
1811017
7747642
4563669
4588732
8325724
1878847
2687081
3338610
260005
7226060
877541
8695643
2148181
1022248
447887
7561461
2565911
629772
2509811
37594
3803949
1885825
6607976
7736191
1550297
8689714
5335254
5742747
9955586
4229179
6441712
9546305
9890772
2088752
6897298
7672119
4111780
1910143
5997217
816369
2991899
796050
605576
3305235
7781250
7538519
1595521
2570189
791297
9485093
6155290
7310144
9751139
7774880
9344829
740357
6949258
9093128
4850329
3942044
1961036
1289396
292166
9291226
8365591
9715763
3692323
9387289
1963001
5662988
6159955
3710615
3506525
1208735
8848307
3782112
5569612
9376903
786312
8230230
2385655
8426344
6709893
3539122
6502749
8932829
2392315
1587055
2261648
4567942
9673415
2627469
7460874
4918362
5153889
3539160
5958192
5372138
7491603
6808221
2301228
1593096
7814181
2634909
5347122
4912592
6333215
1205148
4917398
9940535
654186
9892601
8668598
2466153
2765058
9806792
1013590
4270780
1487953
2917924
3558475
3182673
2204012
2134723
3733620
7531471
8984212
5017950
4756587
5525568
1380510
518020
9124741
7674912
561793
8769394
945641
9102319
4316423
8701518
6120151
3297935
1075008
682667
7363897
3546302
1401351
258206
9440387
3329235
641422
3642040
8846984
5794385
1178377
6604560
8508173
9758674
5452798
573781
7275882
9962210
1398680
2765235
9801045
3473826
4637198
4734583
5977851
5574730
4069818
1997834
3502414
6896398
18599
203070
5655095
6124757
7806530
1605020
1574665
8284059
8906600
2173725
5798089
5240182
6851479
7398096
7956963
5285239
339406
2587082
1542866
7262718
6592828
2979459
6281992
9379799
3061808
3759304
3783415
2566605
4880435
2056908
5159611
1396211
2564990
2017212
8167825
537984
9777753
1118170
6507345
1851211
8248692
6705872
5803726
1264601
3292505
9322588
2950662
3178453
9392682
9436482
8894423
7136537
7765290
8066718
639721
8494108
4740732
7498643
2260076
7761131
9414880
6617508
7218899
9431219
2216683
8511946
372092
7447148
42158
28543
2558809
1494823
211701
1284824
82115
8175609
3005283
6895761
9137083
708433
8713373
9190892
6505814
352582
3897932
5868197
9482428
2787960
9017115
6225553
4987528
205860
1107407
9322120
5646110
7826980
8742330
2967474
2503817
324202
1450727
8928914
1635343
8059990
2096806
7636717
4022522
9933254
2187409
9743625
9881387
3124891
3712966
6699511
1936698
8704012
1592307
8287036
5903990
334286
7043018
6254305
2040805
9537306
4428393
2616594
69898
3789575
5918968
6263530
4190536
6810204
8022217
2875213
5635536
6028040
6337417
7252564
6433403
3452802
9616140
1424874
2993784
1596283
6436923
2292599
3210389
1866795
1806127
9477446
2020496
193115
4789359
8405237
6318558
9949753
5001830
6984668
1917625
5401814
4313685
1585750
4422300
4698029
4908035
1346922
7429363
3156294
7199145
427225
2417686
3369296
9012093
4309068
6667972
6390037
2462009
4698640
4039146
6731196
4423233
5904679
8799291
6418421
2565141
9528792
604308
826398
1034492
7637196
9626495
664972
2182159
79646
706262
5216808
5088991
1736926
2275373
906685
4822127
4730035
6988703
8702511
9445818
312994
7388715
6685760
9321604
433377
4615560
1037007
4739610
4366664
5704432
2982152
8894900
9190405
9109004
4938046
8556506
9517742
9996697
7348071
6211439
5819656
1228824
7933453
7813278
9228121
9309058
4493219
8109495
253417
9158819
7798330
3949892
3840349
7223457
1065687
2008604
5670639
3012157
2661460
2003780
9283616
8592685
9966273
8710409
5014530
6634354
6351387
2899881
5506803
2625613
3478068
7892613
3969312
191798
3607867
3645750
9790362
3581196
8183547
6913186
7579397
4823984
790563
840570
1525841
5836516
9350358
1777308
4550106
3787724
3223952
318914
2855225
8488195
2068602
1444170
3766905
6892410
2823541
5821246
2553091
928932
6645071
6129390
3577457
3699739
2350244
1522513
4348351
933716
750581
4723529
1511243
5498113
8573773
4390098
5892738
6797368
6249052
5118781
2077549
333933
6383097
8499747
2800859
9960490
8941963
7647163
8589689
2493425
8107469
9943986
6127723
7948061
6045969
8882459
469458
3480913
1462034
8108342
795028
1534412
5235040
2695729
9887275
362142
1982636
4635814
4700410
5070056
8579186
914352
8915462
3178564
7409415
8480958
8242442
7775238
7857178
9438458
6733736
4701479
7606438
6181728
5096167
5728432
900206
4941106
1529895
2528586
7309943
6536391
6768655
8273977
8081506
1380663
2997893
5925
6826195
1417673
6901863
8271566
3037612
6142093
2189379
4469422
7208119
3062178
8549014
6189297
8475704
9608848
181192
8781494
7575247
8656515
3000714
8019061
2590471
1415740
1690403
1451603
1056419
6230381
6179151
8557025
2591113
8569990
2978903
4119396
4677028
3897972
2278833
6928158
8009605
1320258
7075469
578425
2191322
9172880
1416847
4449617
7208521
7599392
6784362
6503995
9336776
4488644
5560534
8117506
2329450
7146721
5839094
5851358
5298857
5018934
8661128
5993086
4789295
9015503
2874543
7057747
6053607
9059615
3925510
4182096
6009876
8819573
5053808
7929712
6898694
1504298
5606860
1999541
3264580
4942039
221568
66758
2252522
7335582
3511128
8674664
4427611
2071802
5261588
2915340
527498
8249422
9580790
3945279
5994765
4712898
3351412
6200162
3220699
896611
3725907
7438909
5849563
7158003
8127164
1577275
6719560
9370183
3631635
5158447
1648696
1351537
9294574
230381
5177640
6575738
5748990
2494047
695129
448997
1405376
3382525
298177
5008258
3778912
1615459
6161948
7901282
1253352
4399783
9110733
1888280
4385971
1194530
8021370
4338871
1648957
812545
1302359
7976931
6396320
6959435
1745611
1369332
1909351
7756084
7299727
582085
2379257
245270
1393459
2424768
2466928
9766562
2201175
5572211
1933298
6098117
8371023
2718147
4867115
1971683
908069
7202733
1177078
5246267
2955641
427473
3579320
3410902
4585449
4808506
2600151
7085629
4831943
8677960
9835748
43364
3308442
5819962
1013167
9108207
5408189
3910792
4239956
3441449
766801
9933504
486456
8311781
9292605
1111351
4390447
1223614
1402140
1825931
9272905
1655707
7677756
1268284
6281982
6671515
3878463
5857432
6901768
2682404
6510119
5480730
1713000
3571206
6547087
7470629
9814697
1405332
6356243
9798622
658118
7370914
4679802
1550586
3962166
9949256
3436676
4129445
6954879
4301502
7060674
8652536
6314961
8995607
3275191
4459237
6961845
5674868
4817334
3242284
3830978
7552331
9020530
8309714
5439154
2419261
1766530
7796328
4501421
2689711
7854953
2425393
2165081
662796
177581
1184352
1954301
7300190
8998916
1018797
4382424
9508463
4016910
1517506
6337264
8021392
6448774
2218129
4658742
2094150
1518833
1565479
6806004
6900403
4108292
2277898
447218
206295
1151170
14186
6490380
7745103
9451709
6152184
9928575
8581628
7791230
1911165
4683767
876941
2396268
8217678
5940148
7175644
5438339
1363670
9321148
4126373
9764541
1054613
2301253
9967183
6025430
9412845
5427677
2051907
4892518
1202559
1125431
2897429
6131291
5406071
828859
4493343
767244
9877283
1586884
5974119
3059413
9515749
9859505
2577143
6045015
1377297
6209986
642696
4497827
2382768
6675332
2248066
1713346
4778074
1699626
1772124
1576967
6714562
5953646
6601883
2435016
84061
7201556
5908545
2227298
2852035
8224036
9756403
4726596
6745832
1836191
759983
1189628
7202823
1555412
5780121
922915
7055417
158626
3877522
2283152
7674565
7518134
5943622
4126307
9434056
8213909
633096
9136841
9030513
276674
1682890
2825318
2718469
1942015
3781035
7397509
9429913
9256804
8915921
598884
7578088
9086542
5273230
3100184
1161800
908910
2774530
7266088
7347892
6352465
4301152
1782349
684364
9975529
7235369
7625284
2028530
4374825
3480527
1348578
2394451
5151977
9268888
8577168
1261837
469070
6276275
1364116
7780384
494485
9828046
3712957
1361678
1642218
4671806
5444568
231668
3585306
4317604
2176094
803968
8860783
3579646
6483082
500832
2617363
4461134
8001153
6175444
446871
5788586
8046344
8888256
9114106
1576448
7294610
2652556
7425427
8670050
3169703
5846673
8391100
9527087
371295
9043513
5954997
7567196
2193039
1760155
727778
7495216
8004876
3470409
9171664
3199414
314795
7647547
7854124
5553172
3659171
4177886
8306753
1309242
1076109
4265240
1644135
3161469
8414590
6769793
5536390
867827
2967124
7422287
6740235
2912588
115925
2150256
9976177
1701932
7322208
4527640
6618467
8942938
5223319
4318264
9656552
5067836
4513474
684793
2156193
8344691
9113849
5368256
1511865
7466515
5019870
8623246
8147095
9641367
653782
7634688
1306944
5910134
1311226
5204806
8757660
5733963
3978867
1673015
3354655
3543778
2791877
9349052
8495441
8238584
6156326
3970572
1922190
8141754
3675175
4951192
1724986
4511656
4284376
6707085
1549152
2162564
3390669
4705974
5564165
1344971
49646
1410599
1368100
2681388
3449344
6274803
5419401
4108692
7300642
4314185
3596087
2273943
8092934
7725557
9384487
6058733
9742595
3009570
9426012
9467281
8247611
5824576
2939506
4275508
223964
4861970
1426181
4594496
340253
8353897
822203
6402449
5253097
2717237
4453922
7986405
3032953
6595677
893526
9919468
6866436
407924
5464854
3324833
3257181
6467041
6078144
5012325
4237171
6684129
4836723
3641930
1905526
9914027
2314238
9878036
9756174
7128014
9654769
334634
3479817
5997771
9726624
7829973
1866600
3982497
3794428
5797053
9866924
3017183
6445803
3882328
9165418
2368212
4727467
8066535
8358510
4747239
1917349
6472731
2405677
6775970
1273128
3067656
4485780
8466712
5252226
843044
9973749
5634073
1622401
2729037
5028011
9930196
6690902
2770401
5140825
2821360
7331218
5457035
8683936
613221
1650068
731413
3484468
7891474
7932339
3068735
5440800
5272931
2673551
9052792
315607
8465371
9330259
9264047
6152397
1769953
3353631
6336076
4799797
8224993
2754610
8000300
8175600
6444093
1599586
8326964
8801733
5103241
4744877
253131
5348575
8970428
9575426
9531481
5132271
8366192
3117621
8033414
6601075
6999765
6116235
8576572
8322618
8259143
2856511
4890566
4097345
5857504
1920777
6002347
4065433
7062245
7128950
7357955
3932763
4538618
8494630
3573444
7292168
3178882
3683772
8680578
9364206
1257019
6011814
1509000
7208897
157827
3476911
8741037
6275210
9347272
8237151
6541587
8120831
8554189
7990981
3146690
3535104
8195221
592597
9559877
2442922
4550873
9292170
5503328
9945508
6225064
6193973
1102542
6131679
6257290
3252768
1237746
1040637
2080477
6168330
4986136
7300864
7966201
9810574
3224640
8113062
6797037
7347965
3670404
4642763
4401881
483277
3287403
6307963
4682683
329665
7464
7203314
7088811
106542
8848710
3760647
1559227
6233657
2536863
2762381
4954121
8853909
7660423
6073771
1784352
1009138
6946113
2072248
2330229
2984417
9689091
6500816
8352796
2846898
8654452
7679952
9176582
1479047
2820193
5866695
705101
7661795
2713367
2800720
4311794
9233910
2800809
7690922
815781
5066535
5152855
3184263
9157428
5607620
9795098
869873
9609361
2018322
1753497
9958589
8643635
6813877
2704517
6052087
5413211
4411085
1778118
5024321
7689189
9997427
5918710
3983113
7556488
129196
527045
2290059
3621824
7318439
6942407
2630978
6048629
4212800
2958806
6210910
5225634
1038657
576233
7158544
3557567
4878209
3028945
7033413
6413213
822737
1039546
2266066
1420579
7095537
640147
437797
2510253
4030535
2162081
1994552
6843232
8437186
7815277
5831067
1267280
8203665
6665764
7535553
1019670
1225179
9006008
5772677
4884828
7073207
4015464
9975411
7636597
9341554
2052626
1344707
3375434
1327148
7159070
9747003
107152
3037151
7790088
3996319
4967111
4447817
4980990
4402410
5043694
9753164
3152450
3969854
2180272
8948959
7548363
9341936
116863
2164287
5756743
732168
4406337
2210160
3713613
956104
1530068
3618866
6397032
2711023
5033629
4789673
242236
5813046
8640287
4475627
181771
5846040
3329416
5410781
2016094
8508513
6772568
3719109
8202327
4939066
9581944
8866527
2377318
3327103
2387127
8816944
8851366
848076
9887195
4113989
4609121
2177044
2958814
5795129
8077358
5171673
8297644
7065511
3253147
845446
52002
4765412
8858212
3488624
1648934
4109965
7370061
1563850
7582970
2069651
6438999
9487621
9994251
812871
5243119
3145369
2572060
1992763
9277142
7591895
2554
9154573
4639238
5127806
7409268
4797952
9067195
2616060
1187454
348917
9224789
1898002
8143822
8185803
4764017
5960219
275031
6713358
6083212
7697061
8143498
8785463
4208012
3575351
5212307
839134
1909667
2674090
1419973
7575680
3310665
9282404
7445626
7051718
4949280
715800
4932471
6917822
5667761
5441161
109793
3537008
6791765
9017872
1501423
8301557
8912935
5845055
847395
4492436
3547646
2943210
6367134
4773283
7955713
1484146
3159758
3107341
4349155
2682491
513053
4095110
7499698
8098610
9413465
2926759
5071223
6776716
479737
3751325
1871449
4061264
204809
2570481
148316
966395
4861682
9299997
4556148
6154902
7134489
3079719
9965161
9716040
5982771
7212357
6963300
914372
3516810
8566771
3235033
5738728
5922241
1154867
8018342
1284368
3086363
6161129
7397215
7325654
1653982
5172302
6418843
7924532
4679423
6380066
1933063
760065
2424596
6975567
2388753
3166415
2118156
7034799
2334790
6321972
8904062
7819857
9750574
9752829
4188021
852301
6347028
3279036
6413982
2134720
9280141
1848750
4329625
6499212
9883390
742178
6711308
5155934
7874550
9007583
7975511
4141833
3833246
6921837
5748007
5725934
1338093
8299161
2438339
6765437
9745664
9150476
9644452
5450935
8773145
675281
5030317
3122459
2748515
4530645
5000557
2382314
1093756
1528156
5875661
5351926
9239253
5195888
6795726
740649
7785615
2140397
2758313
4705250
8099410
6782404
4462566
6321078
5513142
4528407
3129118
8687618
7294184
8929284
4991370
2896244
1651085
3322281
9350588
4224352
9900672
7699478
2446030
8518367
6504420
4740176
9298243
1381498
8559564
6034390
3845890
3895373
5387912
6639425
7031518
8574608
2485515
3983958
1208815
8262034
8558275
4553435
703745
2107727
3590544
652780
790213
7234154
617146
9068099
8719244
4178470
7155095
7700258
1238734
8270562
9122397
833226
1379352
1007966
1349894
9628079
2066312
9809708
7007600
4045608
1916962
4002900
2102806
7032924
9330794
4176944
7603273
223929
299298
7869480
1949230
3607003
302494
3046755
597524
8613702
9737254
1503913
8133573
3256013
2948509
2583363
9499404
3652026
6654609
8673584
1311932
7296267
1688369
5195269
4656147
8942197
2665282
8255561
6465561
561147
4777908
8062985
9138015
6754127
7134169
7242744
1210694
2612180
6582864
4828848
813508
6348944
2873844
6441022
6125887
3824496
9939397
3534278
3367770
6196878
6125889
8846353
2911505
4481510
4878221
7545183
2053052
8511820
1552628
8621748
5342790
1926502
5839663
7575598
5393101
4498411
4511152
7058410
3656075
6182304
4780517
7262880
3492194
3799352
5358606
5640195
4432000
7313611
4019643
1763623
4944560
4907363
8762251
4015026
5662684
6605539
9836147
584635
2086891
9147969
7051305
9562328
9703710
9958694
5857186
8897143
4553366
3613079
4807168
7087609
1850840
1743790
6490614
399444
9491940
8478010
1094156
8396558
4580545
8608490
6913271
974088
8962639
943957
6811899
5099671
2196182
3227507
1906137
1018381
3044395
3003643
6368545
2186628
4101904
4816327
7745209
4336359
9193612
3875394
8398307
4770475
1255796
1171739
5432382
9975384
8614726
3564713
5149598
4723899
351805
3768637
9387841
9436
9285919
8029505
1582926
2955065
1375960
6813787
5720514
4707653
1419493
9630328
9610540
344475
7706917
781091
459870
9851917
1812253
7009575
7898134
9736049
7307520
7997156
3166951
4149588
7502744
884118
3686045
6842946
3053937
2284188
5443548
1586524
1273251
6814970
5006222
7253829
3296094
9316822
6660396
6396762
3350262
3860861
2108460
2843465
6770955
762247
9513399
4531303
7766995
5243247
657369
1815594
3071243
8123204
9396634
758564
7865427
234606
9955818
6832687
7411141
6225771
8074823
3999759
5662982
7979696
9468664
3298485
5051588
9764162
5723953
9674891
9417029
5212253
8797939
4527691
3459320
300731
414237
2980685
507966
8038825
6901931
7633451
3050157
8883070
8865897
249290
583554
1704200
7895585
8857952
1570356
9095467
7116511
9153871
5221506
5785332
7465672
2725235
8436156
3222381
5347803
9236290
9356618
9982287
3826857
1954181
5225770
3508860
343518
7581834
9117073
8544617
6996834
9817115
2456700
7086616
607678
255636
4647308
9977963
179392
7542880
4329897
1622633
2593949
3063058
7766972
3594860
9804790
1958979
6399357
8738549
1421023
6199261
9431928
5677958
5029563
624198
8774883
4522621
8314471
4325062
9781995
6198151
170008
9198731
5156788
5272632
3963310
8650805
8614778
7354105
3516393
4559968
4386800
8569229
6811706
3935289
6243370
6588085
416718
5882501
6775292
2353688
7312579
3333973
405316
9885189
4330345
4435747
6226576
3954434
5957482
6009446
7150939
7697376
5348557
1563894
6865774
9747550
6466666
7821503
5265444
7894224
7045102
1454156
5372019
2770591
1769567
2663955
815516
4564918
6529740
360354
8571150
8692349
2600319
7477931
2637237
9936991
6183106
2259418
4266006
5181055
2619414
5684776
163027
587144
3000063
4989165
4999414
4058828
8531810
3287024
3083116
6850000
7055353
8938795
2506542
2447811
2616952
2780761
687553
8491397
6311383
1135752
8632819
8039563
5296948
6327642
273684
4636682
8179249
6986551
3817852
1402854
4847691
2760654
8701604
1358289
5362081
4123270
2692522
7009416
2508599
6622117
3915996
1779525
4489915
265068
7221898
4252049
9048180
4515500
9755703
5624910
1798611
8128076
7235212
5492619
2613088
8559108
9015903
1626999
5843943
1445380
9413859
7845237
8626507
1750618
7820890
275326
9861408
2515700
4520951
6803869
9833280
4490034
1469958
3055371
6577451
3513432
5739834
6615159
5790781
2401424
4308216
298935
6950103
8348236
8457606
9802877
5971202
3374741
1421421
3396243
7448156
3706771
8261603
5148586
1771392
9394295
1662889
2911927
4476231
5551254
2427345
3071684
5915860
9424284
6952201
8059407
4425911
4785311
5424365
5823719
1214170
8786458
464931
9319905
5573849
2537861
1535093
2795881
6456516
7640160
7310473
5335140
3454583
5314130
7579910
3256220
6337661
2192548
2261541
6340239
7176927
7651729
4119093
2706161
9071090
5081371
7753133
3531159
9032465
4369471
1101924
9600343
8211918
1221275
7255940
2019000
9728788
6207626
8899150
3518242
344542
8917750
9521158
6412985
1725208
9349926
7546350
9641403
2062074
5073527
8548799
2223460
5003078
2560650
1802887
4736872
9590231
6560139
1918372
7785638
3185480
7093905
9222270
8930922
3870178
4289560
1625100
4992139
3353141
3653025
2166042
1835139
9337216
9921495
8685721
2715777
7749491
2393135
3194465
631118
5744833
8466801
4066397
2431307
3552024
1637864
9907168
8690723
3963627
9993061
7810999
1968673
3763954
374654
2505799
5078707
5066970
6352878
5269616
1708565
8347221
9328948
3683650
9700911
971468
6989726
6285600
4926418
2015831
941497
4249519
3594665
718825
889239
2819645
1514358
4788247
8947837
7109061
3122591
3467973
5525859
1218650
8854703
7755225
5209760
8834111
5245418
5066498
5463622
3598557
7343542
9491572
6968153
2587894
4748029
3162881
4555209
9533458
2019159
1322735
6744489
4896765
2069802
5152603
9045620
5049683
9997934
8769344
7900072
6496337
7369628
8703191
853703
1098836
5570872
293291
6240618
4909502
4191801
7161949
8798640
8200321
8681546
1905721
4433258
7298095
4208411
3115855
9635139
6699264
5495378
2984092
5489893
9219536
5705965
5701682
8749823
6060062
3243423
6741025
9332708
4461414
9187341
7676010
9710577
666181
9341504
3990491
9196562
9054772
80114
214786
3526175
8534274
8886747
6963054
7283032
968923
3811962
5609851
7182611
7602753
5761924
5907979
7271094
8605297
2200983
130289
208743
1435878
5590177
8674815
1354305
3561836
8018738
2755559
7698369
7747695
1314376
3551658
5304892
1076515
4852418
5415327
9832920
8602023
8013160
5569801
9243043
152991
1479607
7517600
4649270
2885053
5777271
981647
9517561
8127997
4725391
7586018
1923481
7162429
1490440
1266409
4279868
5859389
2301988
7975122
8681630
4791215
7986985
656972
7977918
4964677
5592616
1769470
2552992
4367309
4659830
5487196
8376852
703211
646908
8326271
728591
7425874
6128246
3778339
8253889
4267351
6431896
3119106
4231822
7710604
1983388
5813124
6696222
4087798
6899831
5689082
2232824
4220505
5029042
1914053
9320025
6180299
3525654
9787199
4118452
4995451
3923197
5471200
2916053
410500
1792684
6909488
4903789
5813859
9180125
4026200
6515754
5378190
6784368
6255908
4784274
4353814
9439298
3378504
8748867
7858109
4456176
6375850
1276808
1107417
6344837
7209794
6207867
6727377
9925800
4670062
6833726
1871048
3565952
6187462
2625841
2207875
6653098
1624112
9789264
2043166
5284950
842735
3460481
7308057
7386749
4315051
6021115
3847498
8628831
7737690
3468396
6152380
1494914
670867
4674935
966665
2573825
9139459
9454523
1206141
1766826
3583749
3170562
4506189
6395938
7032206
7103421
3943601
1590507
2091231
2340379
2556169
1017570
9316097
8392614
8238404
8703024
7906896
6929647
6943875
2525326
8113271
9017274
2586544
9450082
3203034
6242088
8588014
6358832
8809318
9092544
9204362
3994858
5580322
460276
5570068
8134950
1863497
3342409
3536294
4834916
8593727
2801029
9989675
1566977
7446899
8388261
5448871
3671728
7587251
2957415
5175691
4739222
9540671
5320259
4234904
4845459
9533199
4407011
6907434
8629667
7075584
9926998
7935839
223727
9556711
2265191
2417654
8002825
4395361
4966224
2901155
8511307
6141323
9440665
6196866
1929006
1739251
3056952
2744533
2895831
8917747
5589108
885782
6269533
445661
4304155
9253542
7581903
5553038
3879999
36040
3555108
1161411
7850125
6852498
2324186
5158060
3878499
7831000
4915702
2326166
1421962
7794259
3352495
1809606
517270
3520510
6903105
9477224
8605267
408131
2804780
2446019
7937756
2978910
9145920
8589646
8036909
1099753
9715024
1177393
1040030
3072284
6559800
5149395
8403471
8127171
4012939
3058338
3600323
4018496
9732019
3317638
2741874
472500
9568127
7765130
4091584
4712534
3396257
437897
1247989
9889833
7059689
1881605
4859159
1502704
4520126
5193107
4680531
3382908
3458332
3367473
4298699
3165716
5738450
7316237
3781858
6626830
3400707
164579
6446779
3831867
2761363
2946190
4009408
9675178
8754419
6891128
3824812
4800705
5121517
8063428
9527447
8045421
4380980
7126215
9286076
8905834
3827759
5212986
6682841
601830
5928500
7314981
9948529
9622017
7285161
9897025
749341
4560368
9192764
7727236
7611946
8017748
7564513
4975721
1265421
8561311
1928475
3608560
6071875
3936428
4457375
1863477
385586
2399119
7889809
7266348
7880947
4151933
6959741
7974304
1071314
4603679
1163145
2239786
4517368
4976397
9148693
9009109
7103410
4524963
8752655
88108
3973442
6829380
6199950
9341907
534700
7950356
5669568
1386337
2792483
4571340
6585552
5715084
771170
2360994
1085768
3516310
1379054
890428
1408558
929228
6211734
7518658
9005424
4818073
1791324
746254
5068152
4731142
2844549
7013199
8990650
5320110
4453805
7731590
2514106
7442208
4688195
3165416
4331211
5520536
1680271
5901388
6148442
601468
2347940
5800439
4977774
610278
3374293
5142423
2638380
8912553
2126038
67083
6483943
7893477
4281119
5510143
8271276
403632
1241536
8659909
2053037
4030549
2563438
7630948
4398822
6678779
1432480
9539857
9515022
6866511
1439327
1844797
6078174
8902768
8478547
1068040
3228374
7610608
913162
6488518
9117509
4610009
1666215
8997676
993804
9636334
6209337
2192568
7628112
1660050
8669099
5328498
6215792
6576182
2500125
4612739
3835698
8680686
7042402
3723480
8032324
9419286
4309762
3055101
2606648
7846461
3864290
511959
4761423
4911225
3914028
2911493
9362425
1451084
7186099
8548808
9167514
1356285
8837237
4542546
5565483
2671004
4713112
5405125
8908544
4185610
644005
9380213
8574105
3375420
9103989
7531720
9948557
3822258
2457502
8253654
7812233
5392314
9661528
3581705
3630820
4716824
1250546
6551153
6116864
7479219
2175588
3898251
3705985
9351612
1073922
7175527
4113495
2758740
338179
9276524
7563657
8051839
3444586
6902038
8716777
2084761
8455253
1386871
8757059
4688804
7055344
5912938
3833990
8564687
830997
6635350
1048340
4764687
9252239
2297006
4285470
1179457
1582621
735718
6543185
9658075
3296
8057408
1449601
7689088
1454012
5057594
2685307
457545
4960542
4119448
9658861
5846790
6483286
4953878
6369989
7840311
2099447
9915936
265439
4603147
1267334
8077264
5412737
6052042
5807470
3708173
6843298
2255458
7837841
2386725
5464491
5259467
5732118
2978902
5509299
5836874
9645503
1072006
5640251
8816387
9442824
5118509
3062628
1699118
8713872
3951475
3084785
5264341
7503349
2053950
222747
7299494
2128913
6019098
9595996
1406555
3266522
6034807
1497112
4009054
9163625
2208233
2232231
5835464
2795696
5542504
287758
5683405
4587896
799721
6102253
2767522
8369332
9628762
1656756
6670090
898484
9655258
7046009
6945967
9348968
1278247
6041936
8215827
966040
9223738
2792492
9804268
3936971
8369180
9847865
8157557
9948171
9249603
4535596
3831475
9900749
399471
9366334
7249419
2074258
5803680
967963
910477
5014906
2775219
1743371
5933824
4141365
1214309
3055340
1422399
5574757
9751841
9811413
8078367
1673952
4073584
9504866
9396504
1690487
3652785
5846327
5200370
6432132
420133
8891450
442404
1615711
4684439
6749116
8704546
4657956
1620673
5138946
8824026
8087339
6804963
3344852
7363110
6382054
1464474
6399068
7099837
3146785
5136722
3087976
4691731
5205596
2929300
1591428
4463783
5149827
3689452
4381157
2758927
7272208
4366050
4959212
9677262
7209070
9835126
5289947
6681015
2550572
7354865
7985146
8401205
8613866
8387302
9167390
2270980
9162995
2900791
8754423
3932829
4875973
5881916
2919851
3497200
1673727
3791705
2574381
8259548
7675635
2808934
276159
2905597
2178627
1196164
5618207
9711366
942672
1380573
9019832
2742385
5394207
9256056
9926908
911093
117817
6721991
2529810
5054351
1391200
4586730
9207410
491773
3576264
1701105
3861560
9712754
4786391
6823851
7830625
3309384
2405145
1597910
7558622
828162
2936400
7661472
7449344
6890608
8622826
2018819
5413231
2495511
2727021
6035858
5426
8436529
5730709
5622190
5623269
6693745
7907546
6037816
1476587
1804740
6100719
9142026
3917414
873675
9261580
6330484
4919075
3919429
1608840
3478188
1442265
1841681
832056
3148649
7216475
1504497
1486654
4545661
8477948
9878665
4425715
3011221
4828456
4348967
9965989
1420860
9512791
2364775
1161391
8515067
8916674
7922666
5623921
3973614
1507283
7994872
328560
5351167
529697
9231839
6358992
7392216
7778497
8574561
3725962
3218646
9770452
1384227
9442513
3491717
1607979
5588337
9611589
2995674
7459343
7418663
3354987
2711552
7249820
7368629
2205088
847318
5340798
6444741
8192101
1680887
1566571
6536919
4698423
4036297
8490869
3105224
9875288
2959542
5091555
2773709
2017295
2448144
2340766
9754995
4016347
3481595
3726808
7381759
1143287
4325083
2856907
9085678
4386186
1769768
7969192
5084930
7089738
8687881
5525619
3791174
1674786
409690
2540410
7627557
8059181
6441522
1240561
5588666
732023
5598596
4658305
458841
4825303
1258263
1429427
218356
8888158
2604509
6198102
2511863
9201903
6788984
5389607
8347481
2475296
7667295
8048802
5207136
6916985
9856996
1207331
2610710
7320508
2165994
4099297
8049287
2494990
8265013
3509850
4790018
2149199
950217
555401
8047422
2147227
5463912
6090816
1106748
2792524
2361088
3214121
5180498
967159
699128
285587
7179685
2002803
3060229
2035865
2614951
8890442
7675796
7606117
8890863
8476651
8819810
9442307
8544215
5993480
9084936
965777
560873
6030310
6242229
4885395
1564983
8324285
2103602
8535371
3711694
8991814
3765286
6763649
6391645
8643793
3979491
8081972
7701544
6322808
403549
6087942
5989517
2081194
9459891
1311243
5726695
8932228
7598661
8219937
2567099
9380323
3109246
4591132
4883303
5995511
7616050
980538
6042427
4081711
5512413
1532064
4329998
6485746
7704110
4942614
6274826
7801276
3271325
5178335
3021381
9543470
9517671
8944224
8274136
577946
9082897
8525213
6492610
4898468
4670147
1662366
8147583
6070196
6299556
790288
9062601
5433257
3816337
5987034
2985515
8432327
6575920
4609733
8939243
2365374
4150402
2926312
411629
9007593
784034
2803798
5370271
9168242
8569318
4512520
3710191
4721182
5939706
4170323
4407450
4770458
4891484
9240643
5870995
3660223
1302696
8491460
2912437
5000292
1305659
6106892
3957300
7910422
7611031
5245863
8045833
5647780
1945135
3671809
2673479
4869563
8761174
7881928
8586524
8888742
9558607
5351866
1878216
3484082
1407974
5863412
7849489
7787027
3992355
7661810
646227
6255055
1958324
4484867
9703672
1042808
4032743
6827799
5212222
3327319
6117045
4241435
4419030
4907588
1613597
5972054
8295201
6575052
765330
9960843
6856083
7591669
5875506
9209823
5326480
2535152
2572784
380797
9676859
4337213
4177981
3372898
7888034
8138920
1727968
7556961
3976353
7715575
8184788
9652149
5950307
8762483
4822411
7365830
5049360
5977689
1137980
6733783
5839624
4353376
9453157
705296
2021647
8902617
6007713
4691838
2694799
7359216
771204
8427176
2028512
9234259
3570654
6170251
151915
5155181
1746094
7729263
2470947
6559295
879573
4467221
3250034
5211289
8682345
3593880
7871258
2508087
1185891
2900023
9817798
3617541
9448067
5914777
1869431
3633824
2466023
6432518
6317581
5928081
8960216
1518996
1563215
6276806
6719376
5627751
220344
5583795
1994549
2995717
1436405
199288
6065088
6876905
2556095
9388898
2250830
855328
8154112
9924578
1706667
3555775
3056627
9928425
2674143
3693693
8604859
7010489
8804770
338388
1089323
2324049
1914260
7048485
3203805
101280
1445432
594959
1285370
7222601
1032079
8656425
7405091
5158714
8698991
3907948
8839220
2769162
5486432
5258465
9717087
84916
917177
935745
7426140
9804880
2474125
5594303
7304172
1303987
1820411
9907801
9655655
6949473
3425652
9748295
2481677
4815938
9657658
8490828
7502823
6609668
4712989
3968740
7127722
2171647
380364
5483162
3770583
1357119
7827051
8790525
1610062
3725836
9353631
9441721
9252427
597085
7859419
9469586
7090653
1604177
7254305
5056990
7546482
6762206
854294
433899
6717149
1211947
9620903
9966824
9219322
3609436
2816265
8115252
4828433
6393052
8076090
9673457
2913206
4025013
2214591
812537
1607561
775096
47322
7403545
1838084
6404404
7932606
7851674
6626576
2852450
2040287
3166454
128968
4417476
7569265
1064378
2342228
1281912
5932218
6086274
7349832
551221
6386356
3615400
4884633
1155980
5588543
8300905
932135
8784307
5080448
5550633
967072
9439763
9459918
3378467
3339391
2419608
2485405
3218103
3003583
2252497
3748742
3170495
2875350
9962163
712802
9478854
1891585
2948752
7099190
9538935
771616
6455015
4857658
581237
8169915
2218833
9369551
2545590
4644535
1555549
8951044
9778413
3830479
1058458
5465807
4273879
6343037
7529191
3401476
9332272
4678881
9592681
8492749
3776450
1876589
600481
6681893
9191850
6879122
9070879
2641391
325225
9214983
4898639
4409179
5072696
9012499
11717
2774646
8144579
915383
3524961
8301004
1813535
6853353
6739667
6253653
5919585
9224216
1001082
2227276
1587868
5073471
4212953
4053330
562252
5080781
6721938
9554930
220172
847167
7760266
2747645
6468803
1426681
2291024
3004174
6538784
4209359
956395
9439246
6528740
5061182
9625301
5303326
5778164
6510652
8451324
7060484
5825967
4514778
2568442
559048
7566432
5677558
9997949
3904541
1557405
6771314
3723692
2734742
7650711
913832
4144794
5207165
5621791
7976036
3153497
7096908
7371576
9238216
3745506
5258150
280646
6481884
8171760
998439
8195030
6173705
8979885
6159365
3294616
2653391
4202470
518753
4061015
1031943
9541143
7063683
4592335
32371
3457756
5851533
5814251
6458321
9942673
196570
6797835
8854624
1020731
3695161
8552357
509504
3093110
7718243
9506636
7344861
1838063
8620534
2415065
8241840
7456225
4338848
599675
9820515
76155
3390805
1603812
1335218
9000769
8943269
8830694
8347020
8126828
9945542
9456055
1359932
7623272
1948445
9319109
3643606
9066661
8832458
3166040
5588
9626099
8960421
1442065
7005459
2903532
8808267
1488922
923438
1662885
9848286
2217578
3848386
5249459
2881194
4783764
3286503
6247310
3537010
2768955
4681035
5343854
309900
7814604
8779600
5660368
7414956
6821422
1773480
4126950
2669908
6414795
2135609
1167737
809907
9315685
1404571
6694116
2253206
9794210
2284165
635854
5403417
933387
5880379
6616647
3541778
4957397
2197286
2277752
1179212
109781
740030
41981
9552052
3546882
7430842
4119065
22583
9147362
3730301
1373265
6836535
6749585
4846072
7495341
1009265
3711777
3317281
5678278
9396720
9981387
5264856
3812387
388075
5657318
3529051
3468700
4312033
678791
1027476
1712488
7077951
4706767
4800574
4970037
4525597
1629775
2960442
8869778
9783287
4711393
7214755
731410
4791003
6604177
1949415
7615224
9586070
2742392
9608457
3745306
3694394
1842559
5066340
5094348
6173600
8624353
5020598
7837379
375230
9338656
3694629
5812947
4457248
3784316
1366647
3633156
9874650
1065394
2312429
2787600
33286
9445272
3030609
2003459
7476367
9923277
2078935
4776632
2217039
3979930
828688
5501392
5204524
8006986
8659759
1568641
9515404
521946
1771559
6734320
4990103
1928223
5316852
9827275
429045
6831580
2072254
4303545
7955528
5849109
7606130
3887760
6385154
361366
3535809
3704647
5931085
8213971
759997
4219326
9003366
4486121
1080149
2070419
1475585
7025167
4233303
4980577
2236572
8896012
6356133
3853555
2389018
7090423
9957017
9485179
4580975
6084947
1655966
4483013
1828691
4185185
54841
2982074
3793788
4931363
5036732
1302566
7791257
3055730
2720269
1204045
4097052
6389178
7865020
8730915
8614891
2837929
7503492
8190864
8778970
6276974
8709258
1845816
4719034
9497620
5346536
1339812
9919545
3203674
2565571
8526488
6530242
6559224
8340442
1950280
5551458
2319026
6970432
7020364
3806939
455029
6322347
7143950
9824715
6291457
7930555
6252046
4996608
3566687
4860959
8450388
3741120
1437421
5854891
5894703
1927662
5163558
6991000
8031155
2585913
6677162
4983786
8138020
586128
653338
7911564
6774452
7920604
4739723
1477
8754540
1881234
6301349
4945383
5437030
9326295
9610603
9026418
5690368
5327128
8588307
6666033
2869724
8674994
7683775
9382210
6603196
6022751
3956456
3161361
4889604
4901817
8512651
3783952
9903745
9406263
6290578
1982356
6711593
1499697
768795
2767703
4995213
1088904
3695126
5552233
4575018
822143
1633367
4747639
6390980
2114043
8810512
4753175
2807109
168960
85474
3406766
1797315
9443142
9505857
1118559
6508497
4374711
2094622
1615207
6372771
4491611
5226042
2731892
4360487
2766775
5903269
5903951
5159139
7877243
4852473
4374288
9504623
9018889
9029497
1735981
6917121
5912226
9891071
1361204
6929877
8511873
9595102
9204528
8241328
9446482
8030469
3521548
3124446
360278
2228271
5731134
6536966
7570688
9681988
5838544
770128
366871
4086281
5599260
9376553
9911510
7248172
5011534
9027899
6724679
6936079
951251
6218484
3995393
1302363
4312763
9452362
1599618
1402674
3592256
1439917
1245086
4025645
2299658
541371
337505
7272040
4916269
8166857
453005
3477659
160032
3311398
7092312
4088960
6624015
8321622
8497294
3986539
3575184
3473244
1495325
877864
8527917
8619730
8827124
2010392
6984253
6475724
7953401
9412161
3292213
3477693
932988
8990683
3014211
3937782
4279686
9068045
439099
8486786
6960295
9980325
4382779
1897451
9169773
2842767
2125986
2610556
6540272
1103733
9071764
9296409
5658052
7633118
9952818
5215599
7340837
1467290
6491287
3051761
5013173
8622738
8261870
5915774
5506821
443809
9262725
998716
2767680
9768285
1910646
7597060
5431828
9716052
3975411
9288684
3514904
270501
9310541
764312
8480234
5096703
8916695
8794777
9827917
8499179
5599731
6107662
9978746
108749
2008567
6210149
4302867
7793755
3652180
8063209
8121151
8341366
2534998
7188678
3551294
505187
7391824
5272564
7480425
9048149
3308811
5252132
8075205
8106590
742934
9769757
1826037
1736033
210272
4014920
2317995
1264335
8908714
9355814
4791023
7087767
6772540
3361187
7492367
4884024
9629001
2573170
200816
565332
8747778
2258027
1837346
5051812
9728638
6157099
4740470
2068071
109487
6794024
4295844
9464722
6777893
9715910
2113452
2279336
5277151
1432600
9268225
5168191
138413
5025202
4416755
7829807
6919958
5045672
2483512
4634542
8282923
2922054
3262338
3345596
2989140
4058111
2042651
1123096
5870513
3952114
2809754
9946292
6685705
2300199
8453181
1043356
5422359
9022560
7278243
8427138
6391509
1778474
2139631
9420954
9289569
8482945
100486
6900913
6112304
1588735
6284122
5640715
1682284
2156199
8309231
7896156
3571902
3903307
2682649
3443483
8653175
1192485
1233209
1644250
4027251
259011
7963963
6869940
7546691
6855395
8048097
2183986
7420916
1096795
7719898
3309107
8002979
7844180
2679051
1033103
9918405
3067461
5281854
1904951
8539720
6482443
400314
4960322
5208976
768862
8843920
6568182
8679387
8188181
9702282
7822528
5933672
9845415
648370
8731156
2318909
185421
6968863
2935677
8632737
7879072
9159981
1019534
7755848
623270
5977639
5248247
9739377
5404217
5296630
5257970
8009510
2352860
5356986
3346279
3653644
9762233
6989104
2672584
2252422
1152163
6089468
9631854
3749233
5881554
1920255
9489517
6536343
5890430
2699279
8087596
3616089
7628499
7063917
2091424
3568575
5059882
8731834
6276053
8702684
3845072
6414527
2139399
5444841
6276186
5360741
3376058
4068784
5240985
6728657
3439586
6003297
2453418
5507573
1996002
1441482
7201687
2291950
3301837
8319190
6708528
6469606
3687103
4137685
7899747
603621
519353
8557594
1795003
1083198
1397818
3123225
4645711
6405804
5328564
2705235
1352146
2628288
8461635
2918790
8956111
8555571
526691
4472325
8474044
211468
2347983
5485031
3574908
3730907
3932193
831118
113718
7125327
1482620
8951522
9069343
9630443
9493483
3897464
6439680
2599332
8301674
3404542
4432231
7001414
5174889
4269599
4407708
6901055
5247919
9108245
8028941
4288240
3896799
2618862
7965324
2648818
3651659
6316648
9040279
5669348
5326590
3024792
2597993
5657160
5247616
3661432
4767302
6746669
4975404
6787010
219910
8887126
4025028
6838960
3828662
189602
3907959
64982
3460639
4030481
6529250
8885724
5863655
8265309
9980974
6916956
5864889
9951510
8327181
5970751
1307209
5793629
1136794
1908222
8474887
6127157
763064
9661378
5455765
950836
147175
525984
9554029
3014987
9965488
7787206
3624104
6131418
5633761
1952835
3177765
6171384
2490133
1239498
7276750
3808272
6299674
6767362
8840451
3628395
745628
2114976
4562764
2096031
5139838
2285401
9380547
3865733
3520072
68795
3651764
4134587
7641408
4491530
5434164
8743958
6365439
3883928
4262840
7768126
6844853
6730442
4416149
1174048
6059445
7268819
4933296
5849544
569435
7690584
7775752
7613135
9729972
1343160
208545
7341679
4467696
6573125
2249146
402558
5158599
7848718
6347615
8024532
140207
4038080
4260851
9465407
5585154
7246332
6211257
8883673
1685183
4538346
9410491
9601109
761560
5143585
7168402
8174448
8499081
2106974
9696194
2443656
5258885
2955879
7601933
1367308
7650644
9002777
8288052
5265447
9923787
1373130
586498
8140448
7663970
352898
5806510
8495386
4290670
1525823
7597797
4647878
6673770
5281058
4744613
5402607
2651823
276034
2325246
9110120
8843816
1718450
9024826
9121615
9043211
4663480
5638595
6940460
1977628
7547903
4840619
8804948
5836903
1894987
7534632
6856594
1399611
2499949
2234110
9609753
8071931
8756257
9771154
7041372
1482956
7747412
2560623
2521278
9192420
7070857
2484831
5412634
282017
9030204
1626893
6141016
7500416
2281037
2554281
3797470
4314821
5882892
6917132
8120998
8105132
4129885
3114639
1545990
7296308
2236733
9465437
2647677
6286819
9205846
8388938
7153078
8797150
9492714
2638376
4602766
4357180
5000817
6746424
3198686
6527967
8432928
6236289
5939421
7508616
439628
7594428
9883001
7449109
4272301
9871810
1558547
7024333
3444281
4838444
182822
8632082
7755665
5893645
6480657
147324
4713428
5830839
4654353
6130473
6043933
309522
9986319
6188991
2697775
622706
5554214
3956790
8954783
5872755
2616082
153909
6077214
9700047
3859998
8438901
878394
566823
6273214
5630560
7283225
5300604
4302890
6329336
1951938
3688628
5904672
3086642
1801941
8998892
1020398
6014340
4013679
83701
4965187
8721098
352565
3983346
9262875
1216659
3683543
3461121
9778768
9694941
1409064
9140790
1677894
7175716
3854315
5235276
2360558
3927689
2313306
3270002
38755
6009402
5008921
3278807
780171
4947323
9471377
5700524
1480125
4856980
43653
2611213
8957118
5883138
2860396
5705854
1324687
2894242
258897
8897869
209646
8331268
9218019
9779381
3155462
9024540
2495144
2382542
3807765
6022187
2834091
5708738
6798877
9373021
7691948
5521573
3609341
5058516
9092139
2367903
4911417
2042353
1896168
5487076
319592
6702855
3840946
9816016
2902133
7896852
2962887
4075605
5181508
3547997
3663901
8278533
1828213
1486136
5016214
7755979
9172429
6907031
6184492
6678096
7283319
6154117
5179265
4631198
7728362
5568592
5251835
6264656
7151340
4322085
8796761
3562625
8624204
898222
9261101
8948637
1454004
44645
6382357
7273849
4906346
8089556
4685029
4504329
8728146
7377925
2832153
3534613
2927741
6449739
1433426
7326982
8732524
690481
5507828
322572
4252566
8786616
7450802
1826051
1038739
4372160
9755681
6363694
437507
972661
6988246
5089753
652575
8279843
1775060
7527339
6996955
4187723
5698063
1894302
4166576
609756
2782258
4770191
4426687
9925435
6578812
159104
111121
9492795
4391988
7483868
3919350
2113629
4925999
131487
7069079
1669082
7293820
7313227
5466228
9072736
2839579
1990794
9688056
3511125
254314
3230514
6630057
3277049
2164537
9968621
1335655
3418155
8930445
2402657
4972222
888659
9814800
5609524
7657603
5789270
802056
258252
7394349
9056213
1527873
3806514
9359896
7685831
7059781
7022127
8807159
871435
2286651
7179306
131784
4623018
5726117
1967831
4932602
1106680
4986539
828195
6990210
2212160
484467
9018144
2765400
864566
66748
6378742
5669585
173522
1210636
1475042
604088
2735162
4756050
8125898
1850071
7673728
8849118
24901
6602635
7592053
6261368
74631
819409
8284872
2004551
4550869
5598360
7311963
3741684
3630247
7570413
1014025
314468
441345
8633346
5821647
7063119
3215047
3008440
5522065
3792403
2235347
9807134
1101367
9266078
5547626
7189263
9513447
3517229
2570317
6395080
4906325
3786653
5664164
8893140
3184117
3485661
4747112
7143944
1352347
5106096
6798665
2623016
6883080
7320545
8656979
1393881
5637376
2807862
6201105
8803571
1826514
942003
7720497
3475653
7797468
6742595
3330837
4718503
3017355
5504189
5619295
9820622
2089699
3613072
6871913
3855707
6955205
7882421
5520256
1130682
8371796
5304548
3350456
2489585
5659351
4865040
9559745
8106101
1225510
5642880
630894
5339145
8025771
1714366
6692511
4192418
526299
5983256
9845033
7888283
6242672
7866363
5084891
7568501
2101288
1210363
8041574
4162911
324446
2561472
6208276
4518234
6039583
4335986
5806052
7380540
7289374
3914370
3832791
2490420
8950474
2674215
2066181
1525751
7654029
8481868
5459693
792065
4657075
3815632
2435660
1026024
3018750
2800084
496189
6037060
771773
2131016
8861405
1484931
4595218
3635002
8082714
2081906
3973635
7535915
96080
9912270
8214843
135346
3689712
6096025
479409
4603333
198355
4102357
7338794
3104608
7355467
4742385
8255700
6886433
8772517
3035170
4836387
2440801
6834891
4281438
3294865
3653884
5725273
9290593
6327713
7234976
1092556
9177576
6739971
1498040
1559654
7804316
5917905
9447844
1191639
5705767
3860323
5748748
4043257
1628493
9728162
3129431
3234068
7233263
6620254
9102461
4618121
7335344
1793290
2537911
3367478
3732141
5927867
4969059
8901712
2204186
6836395
8005716
3565195
4728172
8712381
9503806
3707132
6840814
6657928
7128578
6330800
6129561
8111008
432085
4550778
3325469
1682694
6126779
3275740
2725143
8400070
4529917
4109350
8730952
7899124
9386989
4405537
1627279
8502286
5367111
5535609
9841729
5884044
4398316
4723941
6915224
3271624
1750411
8317438
4290153
9145643
9125301
872347
8837900
9118869
2879844
2569087
5675136
14567
1845942
331995
7231636
7856313
8079925
537969
8217534
1208142
3130131
721461
773729
3419062
6534120
4689866
8501381
8054488
3510516
2211399
45838
9332129
6622326
5938673
4882955
4817434
9693221
1843496
827901
9410277
9445296
7953613
439751
5898111
2792374
3234971
1757394
8086698
8763774
4050094
1798961
4302639
7965101
2197391
4566755
7891492
7828624
877308
1181521
6547858
4192913
564666
65967
15311
7339334
7244350
1546244
6107843
3929906
4379830
8138897
6933043
2644677
5576014
9650857
9770216
3550568
391984
352410
6929564
227385
9616420
1504917
45823
4313044
5142419
311174
5488766
9872013
2895494
1361995
3224719
1693941
2241663
7884089
3626567
2896466
9648866
7053066
9975929
6465207
429571
3863132
9843449
9380734
8353535
6809646
4337712
8915748
7218680
4294187
2872622
8835065
9225062
4148269
5786611
3285387
7370239
5548921
6224594
4120543
9745739
9964028
4787858
9285621
4811137
963061
7224267
8245954
7620768
768537
2119281
6882365
6357671
5467238
8460332
9810604
8493484
3523191
7961215
5942466
9867435
3527789
1120975
5544905
1069236
7656918
8533229
7715920
804930
4322944
4640803
6231937
2073001
6022329
7730974
1196024
4298379
8225149
3166554
8763357
9823779
1486465
3823405
3925082
8572361
6878361
1778821
3388858
8792090
4315175
6430516
7954751
2499271
796159
2968342
1787841
7574328
9650559
9360149
7692460
1162497
6092671
6540314
1273107
5425543
3999950
2994082
5994318
6324922
7379689
7073120
5092930
2501867
4120045
3994045
405983
9204944
7037988
869302
1150188
8311567
6412535
3921835
1310499
2940574
4072800
9411123
4113539
7597183
6048817
5009683
2107920
4200159
7974467
8387410
1975597
5461701
369732
4472614
7872226
8420825
5220696
1920556
8873494
9755407
7652699
3790752
4863941
691363
3322367
1837479
6391503
8233610
4381309
7685813
8751625
7398841
9055309
3579728
8602010
1367527
4805873
8999482
5682631
8743049
7450615
3430033
6580825
3242918
5072617
466357
5219500
2628148
6136127
3676938
5093015
8640328
640622
233358
7616719
6686025
6550867
1259002
3483635
7312768
3557511
8563450
9885699
4603590
7347994
7338327
4681850
636839
3398646
8949279
667474
4623893
494553
5083680
1850699
1056274
840128
1257454
7703260
8620275
5363051
1876875
5589433
3395111
866677
5180510
4376247
4298344
615625
1776969
9315657
6932539
4621876
3618725
2867107
8668525
4728924
9673436
8622711
8203338
9267734
1452781
8639911
9008021
1624408
9601338
4390694
1463797
1240915
2277035
9880721
6083509
9997836
5957843
3011647
3217447
2756
6533889
5292192
1137653
3639088
6927041
7611484
2373675
1565562
5405331
386716
9830502
3242685
419042
9212791
1462683
1519682
6188723
2275070
8532588
8197519
1262978
8882295
1990000
9726339
649293
8195644
6569346
975
5564809
6914653
2658204
974296
9060534
3256010
6662997
1431150
1541811
9976291
627498
4785935
3322394
6940331
4516097
6267736
7686648
2628734
4054169
5494855
826665
6202169
8322002
8454360
4655958
3069607
648278
7023868
5998116
8713600
7209226
5339570
6201760
5608540
3285579
7862353
3901371
6682670
2855704
9798107
7622705
8934910
5581658
8118154
7566235
7123121
4098642
4747073
1085529
4538299
6471041
8577983
7795440
5437789
6831219
5687632
2884601
6573039
5173378
5327824
8455742
3576771
5681382
8935325
5158753
6397294
2505350
5288798
3034204
4565977
3723258
671951
3400904
994973
4205200
6297841
3597446
4375701
5240570
1009391
4774093
5455196
4679217
8001499
9473327
5517881
5940081
7329143
7963124
775625
2048781
9174328
1610584
2088721
1899579
5025863
2039304
5296035
3479587
9947178
8466608
4144766
5537791
7173930
749361
7056280
6538194
9654607
8844045
3390957
6830761
8099073
8869811
6834326
8166914
2853052
8840768
5097135
2367988
6274793
4661258
9823300
1534119
1196119
4163015
2805497
8318503
8753807
8252534
7558275
4472358
4572066
6242849
6878511
6995047
4409963
12834
6042707
1035974
9081645
4148461
7543081
1105026
1689424
5883747
5630916
5458267
6327588
7860246
1563007
7285119
1514366
3028488
5505865
2157621
6967988
6965812
4726277
3789322
1733987
3510709
1054346
7996025
6469941
7283952
8126861
2959395
1562681
9062692
1299433
8180514
5115388
3979492
7845099
564292
1909350
1043195
1828754
4226876
7906979
2128856
9538932
2723612
2618459
3323644
3782631
8269499
8978238
9982406
7846442
519490
7319169
3495122
777341
7558062
7815553
8198337
9114680
4030847
5718681
5200325
4741141
6061629
4617037
4439865
3989152
1424760
9525269
3823167
8901363
2029143
9125366
2745918
2649961
9661019
9791001
9862773
42107
7063775
8666196
2646060
5184710
75936
5828133
4818913
6933631
8177921
8489171
3122443
6150376
4882423
4689640
2738847
3795890
6093017
7100002
823855
9893565
3867752
4111352
1009882
4045140
9362279
8742359
1486571
6979077
7509948
6230789
5168402
5670727
6309393
3586144
858116
4843173
8093406
9110630
2606526
7614328
5202960
865910
4151861
6939289
7260269
3512072
8387122
20019
5403933
820726
869836
8529271
1679806
6560285
1181636
5170150
6779888
2911878
291578
9328680
2003838
9458506
5057176
7929538
7689456
2643034
6658242
5915601
1578414
8337053
7078648
1274289
859263
8238090
417348
5507066
7057842
4611385
9463444
7836280
4434728
5104871
7290915
2977947
3558760
1057035
2633606
6723548
8369176
4492542
839528
9676175
8613296
5171938
3958753
3847329
4165223
5607688
6584601
9747824
1271398
5747282
6556316
2051419
2084044
6751384
4150439
8875116
8307693
5610275
7572343
4187878
2498662
7310850
3628954
2716029
4348775
2280303
9169898
7858313
1256133
9566141
6979782
8042365
3000039
1138464
9026443
901350
1522788
9554946
7556861
3502155
9286035
1193196
7577911
5719723
9311985
4859702
3277880
6523190
4037038
8386310
3576422
2316727
2306268
2051494
2875290
5934701
7159974
3111691
5721537
7758373
6265626
8034322
8906782
6929756
5177793
2264567
4372310
310286
1851271
7266903
5872551
7573824
8479488
4156407
9065157
4453524
7611089
9513636
8299870
6835772
6866348
4818868
4791362
9272487
2531971
2035612
921129
4670028
9878319
7394113
5080725
9999416
4091825
6658577
3643781
6614624
90467
362744
1023481
3962048
2610782
4326042
3794427
5401846
9041829
122150
9384771
4218473
9632933
7361500
9450923
8427863
2257675
9044204
7332326
3717290
2782711
1274505
4071846
989541
4338049
6640932
7600756
349703
1971015
4544995
1667734
1061873
8450304
8008653
2910906
7915865
851735
3568781
9914771
1798029
1592200
7169791
2400481
3880946
7146095
9755010
2920364
1509406
6687590
9301045
868068
8951274
2376356
8842539
4277450
7786988
4716479
1856800
2150376
2396003
878985
6359684
2639267
5208852
7380085
272132
5348466
8138999
6698432
6234174
8616294
5573868
1897466
7631532
7357861
3564600
3332168
1275772
581742
9896744
3286541
8924704
5421159
770864
425335
6381070
9938057
727075
1435062
2460315
4103125
9506799
6533498
1115901
4229772
4074634
3743823
6137092
3898500
4755990
4160673
3678496
4098061
6472364
8881220
4615352
651889
5484555
2942502
9057510
6615190
31933
4719459
1682326
6704658
1559972
1499146
5200781
7553866
8328199
5088747
3402634
2129552
8664595
9020832
1316434
3239389
2245655
6656987
8729207
8515613
5278832
7529201
7316647
7125580
9047347
9852038
7114107
8673874
9729889
1928616
2879257
1882922
685561
869431
2474454
5662250
2345398
722237
1997768
9955497
8283101
1511133
4031708
3213421
9738883
4112928
4120421
6319549
7040
3311912
3023444
5441597
5463301
8254744
4026757
2784240
9882540
7275340
4355539
3161918
272669
7625276
6777934
7693264
1890243
7773390
4359916
2580763
2496693
7867055
3510552
7137047
736842
2607123
9888921
4885268
303762
8613587
1298480
1096740
8020437
415994
2470286
6723061
4213536
6323978
5828893
4878710
6909313
5176859
2751041
825837
7325215
831486
1647042
1518473
301244
2865990
8291468
2032899
4865289
1699230
7394576
2577964
7632113
3109353
3419752
4229846
6988529
8751617
2315255
687679
5698342
4500121
5183302
4621432
8270449
9956378
4557855
4696319
4575218
4080698
1977956
6048326
6547880
2821640
1376738
8598492
9750737
7852728
5604146
873692
3264642
143139
8237245
8894112
8752711
684386
5290314
7174548
4558259
7358817
7040546
8627540
1678581
7651145
6268770
7055939
6693988
2380475
8632158
4096191
5564053
6596532
6784184
8081461
2246993
6134904
3389473
8055117
4036685
2624234
3056074
374617
7025746
2206176
2394184
3722904
8372163
3156964
3906541
2663141
7912639
5540049
6704659
924958
783499
3119909
8944785
4527301
1420863
9681978
7278935
3850069
7958269
8462313
2101192
618856
1567068
3261524
5108382
9785597
3132712
9121375
3595338
3796835
929259
8306247
5656438
2026103
5982859
3693932
57472
5313376
4490650
9950111
1107228
1799326
6910617
9326228
8060127
9028162
5798273
4385216
7921474
8252864
6314220
6861035
4390271
7701674
5306574
5184990
7557105
3868331
6165434
8038700
9168585
1098546
4106182
4129425
7258265
2464370
5266978
5783088
672423
565363
7631394
5460270
1194355
5712004
6259286
110397
1668486
340630
9705648
290499
3726390
6383033
354171
5617247
3592119
9796326
256850
4746341
4764004
3320558
4104786
5140879
6086122
7154623
8936685
4372277
649142
7379876
7297915
5365027
2546023
6580794
241526
9254019
194495
7091092
8137583
3811499
8903396
8338322
5069978
2462754
6038686
7979109
2124897
3410669
733282
1750895
3486998
9682236
6706834
4467264
3754120
7824839
4980902
4376452
1422122
4186891
4234746
7701178
7053204
1442653
439708
7726831
4574373
4640312
9889330
595149
3155870
8750187
2832258
5365242
5002755
2626477
5055157
5876486
9511811
9057892
4968145
8258816
8718204
2565917
6927988
1216343
3721540
7693631
9814942
8158006
2817671
3123797
4231488
4386409
2345325
1279057
9270281
7431419
9131498
1695537
7580302
192747
3223736
5280154
6531327
23677
633447
9348726
5609572
4324009
473995
6661567
9747017
9142073
2508586
7412749
9055130
9360612
1153347
1444994
9886537
6030363
2081739
9941314
5015071
9490034
4988626
7769755
6669485
2759001
5343177
3999548
4319106
6852166
7581182
5847578
8276925
4277671
9768265
4908114
9836287
4300119
4603201
1642176
2241491
8764152
2318102
5504041
9513500
2802082
2669364
8748327
5265790
3755931
8107546
5396976
3842845
1460924
757055
5164461
5564611
7256480
4703263
6441285
4637676
7157528
4884164
8130386
7487226
3860939
1102576
8988840
5805763
6724849
9223411
3710883
9638023
5303788
7904691
4464062
512965
3723323
2221195
7271546
2216008
6462864
2400202
8783573
5215218
4965958
5267254
8599963
1157786
5662570
9825457
8112530
5056873
2824967
2431235
3041335
2043207
4535400
6287282
6165206
2918249
5821820
2543579
3117812
8369690
8216519
2512722
3742318
4011522
1518516
3652176
8760133
2928609
6293996
1155023
9057479
3582960
3088823
5207560
4225497
9610191
7070833
6942714
8579386
6051500
9592190
7495030
8443271
4377264
3151052
3465478
8985371
6400959
9630580
8800375
4375313
1799649
5715372
6648743
1092248
8437032
691399
3805617
9822362
7365986
9516111
1579224
3005581
4926307
399989
5973116
7989834
398645
3769974
6306572
8072782
1588818
578295
1311465
5437396
9982163
6973849
9841534
72532
8261384
4097914
9492254
4218581
4176736
3621405
319393
6078329
3095532
7938406
6192104
2146829
3016975
2639433
5512768
13095
1402398
9024776
6372387
9641384
8935310
4767605
6067456
3336714
8634206
4078036
9969038
2624753
9765636
630567
4398613
9246170
4911136
8227219
5624491
6563413
8069633
8305149
2940990
6839719
7477184
3403682
9499201
773653
5573568
1945892
9587471
541127
541172
7510073
7737389
1984156
7466553
8332067
8356878
7326634
7219287
9205844
7635178
3689045
4309655
9840432
9408865
167589
1585893
8830102
5676503
7839650
6436790
1543302
6627186
7370064
8815859
6371996
6795296
7414320
1326956
5771410
7621029
1534044
8006050
1687126
3124172
7229219
345903
6915323
2159724
6484451
5326323
2347805
9555272
2849584
9576709
770014
7851399
28158
8112382
4283340
7206144
639215
4353962
6633637
3225943
6883499
6732661
1410033
8340060
7521023
5244710
9224887
2470910
8923747
1656032
9611242
2520138
577386
7930747
8336067
3049822
9590036
6524592
2933457
6848412
6134894
3749459
1158785
5477107
8092106
2073659
3183850
9117534
424499
3667531
738991
5146993
453722
5905690
8680391
5236141
2168526
218482
143832
9272928
3661280
2306697
4814378
3320284
2636310
8577399
4921058
4044583
6579107
3184029
3816836
7713500
5687768
7766333
221193
2423091
7138837
1148205
9401868
5058205
7282261
719682
3134573
4228495
7315198
4652790
8545787
5199441
2154295
7927981
8364939
5788949
2396403
9431235
3038628
1606999
762914
7567789
2394153
418222
2334397
9336975
3642156
2584853
3298466
9535637
9792407
4753578
4085097
9407185
8505292
778486
9624937
2065690
4307680
1149040
6311431
4616361
5693943
538222
3852311
7163082
463635
3462427
9529737
8682313
5500573
7521512
9860116
9945454
5286467
9398856
1749124
2300562
6429065
9932095
9462671
923242
3541754
6907815
2292463
4042724
8275143
772786
9521196
4238948
9806787
3564845
6722232
1964891
4562932
6227186
6663875
5423805
5854400
150409
8432247
6283393
4833187
461823
9466433
8568386
6658266
7125078
4093825
3902567
3387453
6183347
6836253
331464
416825
6621603
9110839
652798
9461440
370564
1666143
5087813
5689757
654396
3888901
1550436
5378438
2166400
2233611
7210159
4384923
1102422
7649054
6863119
7407566
7965827
3600813
3734837
2127387
4902675
7540602
8595771
8019554
4318159
7587800
8320464
1979550
3923402
2426539
3540344
5007235
2436110
2227239
19555
8620703
4631717
5893993
4591250
403308
5727161
9522017
6880478
6912211
1151217
1736834
4252202
9932361
2733461
3116690
5449289
8461150
267830
3109547
8043731
5532107
5138249
3616065
5415974
5977289
9752574
3426636
3134058
3443323
7566359
9186276
649500
5600172
4345776
243183
4147702
678294
7971803
1238096
7592509
5509789
4421918
264699
271174
7521705
9430376
7802459
6561072
3768067
6513890
2915179
8299722
3850981
814484
4576892
4819278
7810395
9515037
416377
7713267
9874116
2876306
8786604
7745201
9910582
9791861
2326282
6611663
2957825
7628182
2590532
3111787
6629007
9325693
1021389
3202380
9202824
4054183
147662
8933798
2304900
8912480
1513097
5107987
4464277
6292288
7907451
6382544
4737206
8533447
8462013
7654918
4480399
1522487
2117951
5381303
2439672
7678388
378158
731498
9682103
2540039
6875551
1932491
3749272
8567887
9616984
1774111
9208890
848528
3169357
5639243
5952653
7659117
7502844
1084495
9202726
3104989
9071113
5274513
8626205
449936
1565404
4717437
1269238
3771403
4088090
5045959
3140452
3192737
458521
9616916
2062695
4072260
5134202
2454494
7781693
8417995
1066510
5247329
6567015
2847627
129819
1784330
9207216
5131951
6572052
8130062
9721991
6426709
4946994
5763969
3506096
5148616
6171024
162097
1686774
987754
932189
8205769
7550117
2403562
2637875
1973130
8752338
1988332
5108962
1107940
8859729
6392856
569208
1810328
1277865
3022976
7504944
646948
2722807
1048046
3736611
2175338
6725815
6548410
2449208
6215283
1285181
1589196
3681435
973566
812760
8511758
2081456
9952819
1034999
9187312
8829084
3147566
4305496
1363317
5152809
7929983
6487127
2736306
9848393
914038
1747132
6472830
4296155
6196153
565100
3236077
6431646
4630182
6276611
9230000
9995912
1953285
2213123
6762646
4391884
3677765
3607576
3411627
8803185
7470327
4862886
8481747
8057798
5132837
8638356
4405464
2101228
526602
4906978
7342851
9559114
3029411
9718954
6515368
4778479
1996644
57904
8402649
6408977
8454382
8594688
6363388
2895217
4374627
7631241
6588493
513104
6234968
4771190
5949829
747348
569771
1479511
3502735
3820849
3115698
5467545
7534365
5701805
718387
3822552
49564
3208277
5491693
6052443
8965545
2103093
9821307
221778
1553553
1894041
6750712
2429724
7099654
6308654
8851180
9367989
5788090
6289217
4506344
7627399
4561452
4429997
3775440
2554132
1991820
6426619
8012638
5525565
2589701
400340
820478
5570816
647680
8041338
9741737
9845502
6251690
1023118
5207805
3619760
7966696
5789733
7885434
5837509
9829798
3385907
6656169
8691618
2667162
2434133
8570818
6795636
1751146
1515162
5351608
4908419
5954647
1881775
5926
1492190
7505688
9241044
5068207
9933379
7221213
9713200
8735562
6492618
6998857
663345
2637253
4167927
5311432
7029737
3439735
8459079
6447918
6880049
1896408
8941041
2756500
6733027
3566064
2629606
8534679
5468935
5831475
9584016
3460856
6972980
4861294
3927178
6407605
9304084
1704628
5627789
7066191
8345658
8375676
5248257
793820
3549790
1096482
1228950
9621828
7589565
2103202
8828867
2003913
2976430
3842663
8403224
7339776
5897698
3514235
2789123
530760
3589879
5993271
8135368
947281
5451715
9689335
2602197
6359339
3710962
3140187
5939627
1185232
8552225
2763606
3576711
7266512
2651345
5757035
5397870
8282476
4857770
3350958
3730196
2102882
8232800
4643800
2022117
8728931
3830529
3816408
8781128
8098518
121738
9109510
6704371
2691676
5633443
2862603
5501369
1917293
2542002
5342391
4173485
1241032
3657915
2984536
3080856
3711837
736897
3316437
4703752
8735331
618238
527652
8864709
4445657
8307670
4266207
1375801
2748126
2044277
4653997
614563
7403851
5662861
9863968
52921
2452791
336957
2654799
279758
8676334
5782516
6977140
6700614
6384706
1657779
9784480
2909693
2879221
5876091
2525776
2767101
1332556
7013655
3455195
6018630
4541691
5882693
731396
2248905
2756705
4718051
5887673
577570
2871102
857346
2841518
1869896
4026101
7824273
9346373
3039741
4370519
8138866
724614
6138042
9533645
3830105
4360263
496302
8014580
4845111
7428270
7717677
6357449
6047972
7978979
7118818
5798801
8360545
1668247
9382887
721677
1595148
3817354
6996519
2670264
642338
5074136
4896576
4471816
3112666
8389823
9530006
2637325
483884
4564830
9537410
908027
9281402
9648834
2268513
8587695
6275653
7924274
9261528
2553283
6424161
4223719
6461238
872522
273744
3814380
2393525
7612115
2590678
6276055
714548
9726657
3540200
9368527
2884163
530491
6671493
9417411
5644419
5122406
8551500
9376649
4246078
801014
3415654
1467978
8024198
7318382
6439358
6522423
4458728
4231996
2609778
8050011
7013846
222928
758961
7855682
8518523
4092988
695740
4364644
9872573
1567867
4290245
8162759
1220502
2628669
3970625
9992176
9469157
2216363
1670361
3429128
7542944
7422566
882706
87359
9286010
5863916
8380142
735175
1476384
7831307
7707529
7291327
9681822
9100682
1628573
2560522
38949
8638964
9445617
2871660
5765822
5882529
2103543
9325747
9465564
7640787
1794074
4134263
6042734
4178338
4821600
4048944
5144446
2569589
2603284
9137677
3666733
936876
6900851
1383664
8953052
1795779
753730
8306361
9271744
1086592
7388907
101116
8424132
4007919
6237012
1746374
4553905
7637054
8940024
9275829
3685402
47009
5044151
8782831
6788281
157176
3713163
1623575
104643
8709918
4294380
3074309
1190654
2246158
463352
7868225
7695104
1798023
4777929
6525047
9554670
3652283
2359690
410170
5470577
4158057
5293143
5123961
2733544
1534166
1107752
207125
1395606
1457765
2254729
6787361
3533487
2300362
4386317
751690
7991499
98915
2383797
9125051
3361251
6045721
4297731
4380998
146854
6227831
8340412
8592901
4792019
4979969
3509754
6925952
4802388
5160883
2747626
8726413
7261069
3788734
4529895
2088298
7777265
6712421
1566328
9764740
387714
2904629
4785952
9252203
7884856
2168271
921167
6095497
442502
6473616
2949176
6050658
1749806
5461251
2931533
3478323
3074717
6120296
4087719
1519308
2652668
4661307
340699
9550538
6643999
4319741
179054
732873
8075572
2259285
5705914
4661233
9422450
2862716
9734162
8089413
6373940
8928534
5090104
4515663
5786074
4996919
317578
2809431
9652107
6774238
9894227
5157974
6298858
1518477
8555682
9123619
2600898
428691
6853208
9857146
7562104
8016965
1407296
6775248
5376591
213664
1364273
5478602
7491394
2680789
5822687
8330086
5011205
6047607
7743882
8708246
1521196
9039726
7325093
7703897
7146430
4977713
7102555
2909126
3572698
8952636
373754
6821671
3909818
4560719
1683160
346862
6618872
5075269
1431573
2061297
7337647
8131627
205236
3789440
3830984
5001819
2170699
2887212
3834367
9362268
5620370
6739091
9383655
2697399
8538197
3509955
6701257
2131909
9579858
1842625
2204989
8705855
9606110
9186162
9041759
8386970
1680308
2328630
7025610
5941185
8000287
7403246
13014
8285569
7318821
4623419
2295618
7037220
1516439
6584831
1973739
2556256
2313993
7170982
5517432
1760791
7063498
5508762
6118183
1627544
6282998
3647112
9063608
803852
2402668
139298
4481430
8679245
2180866
9249327
8473993
9598023
2238546
4893226
5446676
2715170
5277064
6125868
6973249
94107
4691146
1521788
9115979
9308639
8724908
6702409
6794761
1406366
4696080
8400958
8987425
2620308
8446182
9257229
5490172
6206781
7137129
3906105
2812326
7354568
8495479
5964127
8848246
3133694
6876921
52059
3688203
8749512
407753
3994562
1757835
8731334
2688016
7127105
6236394
4762600
7562428
6443402
8331671
1797868
9738389
9449459
2530376
8388012
3011450
836154
9056866
2446292
6548391
6730158
9574741
9716996
2340082
6708289
4712307
9282553
9976167
660804
7054504
7707456
9716842
6217387
2183070
8242504
4714566
7683401
7400317
4060315
1133560
9181481
1243745
1837982
7201074
1025757
350158
7132007
119071
3331161
6503147
7951421
5964306
9122137
4965299
569003
6654083
3891485
7480001
860668
4653203
3022831
2638512
9554121
5409277
4470569
3285912
9055319
5807689
1327940
2868164
8285775
9488040
1360899
2744555
2582709
915471
1001946
6991404
6705524
4108599
9248296
6945256
9964691
2193323
2815588
7012172
1508592
3947448
5946306
8878608
6515534
7415214
1020278
8217089
1022391
2752112
4505799
9083430
3327900
5110883
1224109
1418723
6355450
7499350
1445822
4803690
8037835
6826784
8747145
3366512
1328176
7680349
224809
3208073
6451446
8735407
7464755
3635713
7105009
5056139
58804
1638533
8809621
4287112
8917833
9303948
9944295
3919382
505068
2585450
6772594
8470031
2322019
5499511
3002435
3858207
6688309
9119129
4559349
9986535
2847873
4855415
3231572
5206416
4264820
3524506
6143503
6873048
3233061
5381461
9070447
2726537
1001084
9463731
3423683
918312
3175608
6017072
6825043
5867259
1264546
6655418
3210540
3198170
246843
3841549
6770200
9805494
4788855
8532887
4409518
4741993
1833845
1435596
942087
5394529
5760432
4993472
8923104
378241
7468924
1374063
4987879
9093316
989506
2144143
7868390
7567376
135527
7786979
3393404
2025828
1237329
9812176
8751711
6828927
1806804
6364767
3803853
3175119
3306340
3226916
2467878
2738023
3692132
6770670
9005197
6496005
5375815
8982527
1739423
1637899
1309274
7470847
5252219
2362885
2067881
3334026
6910789
109927
3900055
5634038
7902790
6922725
5411828
2733542
7579701
650369
7661544
965251
1048888
5010734
9786726
7912655
417035
444011
3570418
9976313
1339728
7568145
3764683
6181594
6989984
3699275
5921387
875275
9078390
3652382
5294138
1842597
4326400
816012
8938498
9445295
9220100
513673
8104517
1847811
5083003
8614178
3468961
2158630
9198133
6748621
6839813
2612100
8703866
1174363
6518269
8259966
4236210
6090018
1252385
2565964
9821202
8587698
8802854
8047641
3652566
5400909
6804999
3858116
1783882
8219485
5236383
4889440
997517
1253613
7842095
784560
9669567
8374224
16835
7054443
697726
374787
7604352
8399111
4565816
2842682
8323297
2219435
3880579
4160863
6205971
5068915
9183305
2665312
1636113
4092086
6608823
2262455
4958524
1758538
8934450
3050935
6313668
2661711
8249362
5069885
2158425
1328294
16247
3870715
7687135
8103749
3769184
824084
7361142
7224539
5856081
7380243
366335
9474794
7600413
9118937
1257557
7528017
379070
7457412
1781823
280295
4601159
9154930
7217613
827296
7549799
6802336
2920960
1527669
644139
5022855
2426945
5831587
6577528
1288719
4830185
5168855
6464265
3969229
1429787
4917385
885121
1497693
9219383
2931376
2185580
2298113
6630959
8683940
3229755
6304544
2890162
2261032
608735
1565008
7353385
5561736
4189839
5015119
8635667
8069905
8843971
1778139
5413781
3624830
8841953
5663803
7542408
9345892
2554166
3306342
7654449
3213409
3651719
5237171
1106245
6414319
7304112
6768361
453233
3929832
3426667
5106812
741283
8291426
2366687
9451719
1704947
5653626
9264050
2573148
6426029
6352221
593685
8053688
8918668
7318309
3520442
6267028
9485680
6705688
3416278
907554
8777532
71346
8155624
2064775
581445
9298620
3647635
4917419
7028398
8884574
4433157
4918889
7464131
3998778
1912417
158688
1725161
6677989
891562
441888
2709905
1068897
4978981
1305873
3001981
1764257
1461160
6191995
4557339
833801
1465980
2936878
4743343
1276654
7649864
4492137
984991
3140426
5350905
9024160
2360900
5727460
927254
7011506
3120714
3885846
2855934
6483553
8775751
5489283
4579669
3820398
5247657
8789597
4306395
1981431
1104724
508225
3297647
7514993
1886012
1282521
2858879
2906471
2216703
8700197
1550177
2750217
5118931
5450690
6530358
7643109
2165087
5200763
1700115
9719142
2265700
8939770
5982390
6320708
3821891
8636496
9683890
4424763
1127820
6994147
4622017
615806
6154450
3418179
339209
3058766
1542841
6119463
8886422
7374133
2883429
5170784
8075601
8167138
5637313
9903360
8860164
9780163
8753781
2376450
7831975
6569927
9743176
7839529
9519644
9382911
9590399
9907318
8502203
4823477
4239159
3138468
6928687
507080
5974639
8430530
2810716
2792055
9644517
1530465
8789792
472959
6582806
3799756
558461
9353473
9895412
9817268
7762491
7649688
1313696
5077243
7660127
5488890
8637019
290186
5791549
79376
8333040
3442018
5402077
8463460
1982866
9079635
5077054
7433172
5335199
8218661
6654105
9243173
4047007
9699278
8871622
3570970
3355860
3532728
1446004
7968470
6220985
9295417
6889333
6470832
9186913
2565870
51414
9104504
6680133
693837
1577227
3337916
6632380
7147880
4003205
9016638
4350917
6706438
1974619
3401240
8600142
6412039
5991929
9614364
3026103
2808181
9385446
4717470
34092
4010275
8849896
4914314
2520305
9020455
6330786
2449894
7537245
1962111
7526299
1372176
8340608
9863723
1982268
9269084
5582397
1045375
7092609
9970972
5808902
2206488
4624639
7798365
4393926
8007101
2092404
161487
3842632
6475763
9053218
6289037
4760112
7496585
8852181
6802822
2626655
2516642
5181871
6786582
6250663
5520361
5352767
7032383
2979170
2849049
9464813
5796597
710064
7710035
9009324
6200053
856347
1582600
4346384
2025224
8757718
3072548
7359414
6711101
6509065
8337155
4160810
542824
1229010
8820600
5301956
8638328
4186819
2160851
4159814
7063827
6792496
2621509
2262531
6135870
1141821
782360
930500
5487492
6777085
6212059
501824
7569990
5397219
2518814
7591694
5716789
4056342
2951110
2476068
6673127
4366565
9958528
1826999
2496599
143237
4095445
6043146
8383246
6159489
9903848
4321211
7668610
3482420
129110
6252478
3419962
1124556
2098995
6657932
5979948
4047684
2485607
8735907
5531889
489191
9425351
2938411
9277249
5257093
9395870
7337626
6300722
3610408
8596879
1313667
7371089
6693767
4451308
2569746
8488896
8536696
1682525
8779472
4003724
669164
5695475
7810209
5588089
3462813
1467323
4614002
6688406
5603120
9368295
1860448
2048702
9755598
7003478
7759195
5420701
4759831
50606
3273025
2906645
1648967
5491684
2456307
765323
6067960
6573045
9611784
9280825
9430174
2682694
4224137
7502871
3282797
9004118
3004068
8754094
2122006
7665360
491876
7146310
6420583
1280403
9704926
6030492
8568486
7659128
1583635
2299080
5236743
6448805
2944772
5528655
6394053
7226717
9584135
438060
3672521
5863615
1665179
5303103
7652364
8662395
4743866
9452042
2971871
1029521
8953870
9535660
905104
6366090
1456264
7251520
969719
1213917
4554442
4855546
8363891
9745078
4464992
903848
6905497
1979341
421871
6738037
5558408
874085
6731119
1076888
3738891
6891320
9769045
7245271
6092830
9381185
7860323
5701772
9690603
5938590
722675
940501
8246038
4687902
2734697
4471460
3692172
3084340
8852736
7109053
1813032
257409
409016
8184494
6400838
6880658
5921238
3927919
3425692
7857934
5336114
9125428
4694503
2624245
1983713
7366140
5078083
4396006
5768076
1968942
8268132
3586066
7286424
6745185
8844199
7418723
3270929
2728624
2935840
2578415
6695970
4533529
1659329
4114546
2219654
501322
2251725
3868101
6765538
7948332
875755
4264645
2477883
9641251
6169896
4498297
5360214
9120459
2816754
3200581
2863092
4913787
4437951
5009340
6847418
589892
3797722
6365630
692118
7302206
3900442
6470229
8741485
8697037
9650198
4628655
2364004
1540841
9483112
6032461
1557448
1259200
1662852
1603542
4786257
5648197
91652
3991098
4431859
9074300
8859345
2287009
9018457
7059015
49608
4468210
410798
8327697
13632
3082521
2085703
2431569
5382129
5146022
6862359
5522385
6682470
497464
7814671
5306536
7575764
8313416
2792254
6204400
1738578
223342
5529877
2930943
1371133
8556495
5487611
1350033
1189041
7904889
5650817
6965085
1286905
5289515
6075060
241945
9169353
3077159
5833252
5873742
934438
2986597
7524755
3597927
4422646
4198075
4034419
3877635
7079028
8581983
5711929
5188115
8182065
1734679
7286556
5657052
3495022
5637936
5214013
9638359
7716622
9442883
8094007
5071419
3927678
2384426
6675597
2930454
9475228
3369442
9948939
2000922
6895599
3546137
4240304
581115
922307
1519166
8614420
2690119
7024620
4611218
6983872
1759132
2558727
2876419
7858818
6055150
3130441
9239566
2567966
803408
2775309
6380354
8458577
382351
5719964
9796660
673165
6169335
120535
7651831
843191
8418026
3450514
5096445
4680204
3968548
6618225
1921088
6394402
7466577
5958872
803851
813500
5732266
7529020
9506853
5536862
7193771
5872649
8880970
9466929
544786
2607483
5741739
8396863
7184965
8175094
3588730
1354600
8269134
7541445
232851
2798012
3377357
1176340
3171847
4063679
8973144
2209169
7867753
8870803
2561326
5518595
8703640
5382942
650522
8791937
3587781
9076828
3283460
8681535
3183230
2185293
435001
2422860
4649505
8123282
7453079
7137839
6617666
2273950
4364798
1633827
7360155
4542465
4332821
5785658
8607030
7639936
388109
9259315
5356832
3750974
2902929
5103292
3234414
9611276
519924
1682643
2105511
9070615
7502889
1504699
8390261
9690717
7722693
8656219
6990075
3661745
3989126
5907744
9601588
8901145
3721064
5689562
3039518
1163917
3627062
9917727
1618617
2648722
6360878
3041333
3662091
56859
1146601
8433713
3367745
4609435
9890323
4026236
8718319
6018276
1978998
6324510
1690306
4875163
5593902
215148
5879750
9491558
2648159
7423024
9808801
419686
1461829
4297100
6180966
101037
7550945
5501543
2437774
1688222
1888528
309322
4531754
4356011
4748240
1694508
1352312
1678965
1949198