17203
6986
13238
9363
21021
57444
21133
5425
12649
8585
8029
11299
465
5731
1207
12082
15931
21188
12828
59254
10292
45087
57514
1525
34991
44365
17706
7279
51347
16680
28563
13400
45830
59221
7181
20701
7403
38013
8440
39421
3504
41520
44328
11842
5283
5385
8730
13479
21264
34603
19274
49899
29927
18368
17446
56537
3660
11585
22954
11547
43003
17894
19668
28383
14059
21125
6162
4729
18465
35350
15179
4420
36126
21978
19084
48919
39962
2968
25025
14151
18742
7176
1949
15540
18645
47378
3985
11948
14765
51366
40243
34160
5232
36114
31392
56214
11653
7478
48969
7018
14641
11226
50589
8755
26164
19825
24528
47525
6896
7547
8935
14905
36752
16031
56710
2656
17927
16558
12771
48188
23168
11644
22575
6267
19499
16130
44467
9594
10568
16879
46480
44020
24799
15981
40272
4211
9217
46822
21656
21400
17502
7557
9180
49406
7444
7891
10157
18673
16711
6751
31734
19779
21041
6048
31256
6548
58193
10954
18471
44783
11983
5301
22939
32600
48780
7573
9886
35117
246
7452
6480
48527
13213
31073
17320
10678
42903
18236
3879
16745
43991
25785
21527
1090
15627
17340
7181
36703
11757
21079
30857
36969
5361
3583
8617
49385
4600
14542
9650
45785
18448
54737
48561
21011
49416
3553
37408
2680
767
58881
23212
19794
16079
46900
8291
51212
8894
21161
14861
16074
11766
46455
5195
1184
22003
47920
23244
43977
19629
47910
56192
2801
20155
38546
20459
48326
8829
2446
19364
59351
22595
36699
49389
39469
1450
8714
55225
40375
16753
8438
31851
3929
8752
16746
9124
31575
21258
35164
1793
40131
3859
51128
50567
2820
8779
8042
28639
20253
6742
9561
29291
37941
44742
56219
7866
37455
6510
40459
46331
42169
20837
40190
3558
5299
11975
4769
20880
1169
2912
23957
21680
32797
51109
21231
23047
12737
2091
17109
41939
5909
26315
58852
5579
21694
16151
34105
53210
13078
3989
13195
3272
38450
46089
52918
20413
42039
58744
38230
8953
45066
36857
17100
50666
9359
21690
51854
9475
54107
4426
9991
27319
10922
12670
52140
8424
10962
68
11480
11330
42679
5781
6074
19317
31033
10949
2626
2321
54857
19796
4133
4285
45693
21636
20115
24225
27523
13318
3207
28393
1770
39850
18047
35628
19609
7199
20198
52700
58106
15094
21784
20107
2292
35617
18349
14920
12011
6993
49601
30183
29465
38610
26081
24698
44208
44115
15046
6294
18140
59788
41600
8739
51999
26664
18394
38916
36617
52358
36086
44854
38341
12356
18581
54151
9577
15440
3959
18259
15526
41974
39423
39196
20913
39086
45444
7190
4945
4690
8135
16439
36625
19176
24498
8735
3485
8722
15721
14116
5151
42221
24513
14413
28710
11601
21359
6933
14773
51822
52934
42918
16573
10504
6395
39674
3811
8021
54832
26638
21469
52672
43585
7132
53343
6889
58112
28672
30038
6862
50514
48707
51711
51064
4792
15927
5557
4349
56111
4311
26088
1746
25282
17348
15773
29245
29338
42724
17117
46077
12684
54819
7821
29290
29701
10813
16537
18449
46887
29801
18717
356
7240
19748
12472
12861
13465
12819
4312
1421
41078
52844
7254
51411
38179
31296
24221
51822
1326
17331
23787
13336
57914
20992
16578
33238
77
107
32066
29724
17810
2620
31363
3943
37797
6074
14988
20549
25849
19870
30857
48102
6771
57978
1391
15823
33113
722
57319
16750
18681
16381
26057
5443
1685
5399
7766
21375
15148
18363
7522
19694
20930
17951
4066
40680
13816
1451
41743
7654
15376
13274
1282
9435
30064
19216
13592
8635
59857
7667
39279
658
17626
11650
17621
16360
15948
5142
9486
34697
7674
9818
26612
16054
17613
37600
58713
2533
2900
15338
17903
43649
15164
22283
27049
19238
870
7349
19168
21041
48262
20087
19611
4878
17611
3227
23437
7187
38857
16064
26275
5204
1000
16563
325
21183
26049
32182
1896
4258
20095
39334
43499
15342
15803
3187
24189
56249
22298
19842
1461
16142
39110
4920
257
24763
7414
37483
16432
695
12407
13474
7993
30070
32204
5087
18564
19172
4897
3260
33877
12640
42638
8317
8508
18065
50812
4548
7241
50278
20592
558
55641
40578
942
3781
5972
18664
7134
12517
15971
32509
1930
47610
4025
23678
55622
18642
12084
6688
10673
7106
24337
16184
57504
5417
12130
17823
19326
22395
3210
26917
9169
18141
2124
56299
2068
14924
534
20972
10642
59861
37629
42958
2969
40170
20359
158
38829
2739
4850
53405
11033
37612
48342
2670
9560
3173
9712
18699
20328
2081
6537
37971
12778
7214
35175
50426
8321
17496
5032
41061
5167
54909
43762
3725
14167
2542
26621
24319
25429
46424
10837
8786
30714
44664
3394
15490
25499
53236
1586
2158
50464
20642
17278
24601
58506
15090
19241
58258
47755
26317
7833
35577
7418
58346
42518
8653
26660
19104
32275
10336
38300
24549
6676
51771
17261
14935
56240
11021
35326
53001
12951
38769
6671
19381
10650
8839
3130
32045
4300
24398
53867
2861
13084
14000
3435
288
2022
57221
25190
12593
29130
33167
11081
48459
3348
8274
15194
7933
35505
4660
5376
13250
6410
34562
10444
29432
14786
18906
10608
23001
501
10249
14427
33077
17180
36347
13548
21865
8517
49466
54377
24790
34627
21415
9094
3383
16515
3803
20734
44313
8065
7435
17694
44565
57064
19942
8410
15419
26808
12160
56989
3317
35515
58667
4007
28828
3363
21725
41284
14834
51014
57410
16544
32565
5828
24972
42804
5497
4724
1620
38930
33310
12803
18879
1149
21720
20519
4435
17226
28031
21277
16249
15902
36813
764
2114
19036
12965
47649
1475
56581
5920
46617
17441
10323
8696
15960
25409
29630
12657
19190
53208
6943
33215
33323
20953
45650
2990
12182
31221
971
56678
9785
17809
11929
39003
17383
59083
3833
12963
45483
7242
2180
51573
59664
4621
18715
18184
50927
38170
14323
44151
34584
21422
16323
19358
3702
58012
10519
59035
1764
22067
13902
29081
8962
33381
6140
39639
9339
9765
1068
12636
11732
34975
3548
55711
11739
19963
13661
56329
9475
3340
18195
9925
11315
7403
8539
10234
39421
21690
14573
21297
3851
3104
50949
38588
17323
27067
8642
23059
9833
32604
19161
856
21572
33730
46929
59834
17377
18965
5604
6177
10150
11039
15572
13540
58174
6029
23223
4253
56710
8246
4567
48503
1931
20327
6790
32807
18147
7311
8583
28221
46269
2960
19664
9257
48040
19649
39592
13492
28209
44328
9663
32109
5210
8083
17984
8490
16651
15291
23335
17275
14962
14108
13716
8752
29421
5924
12704
19332
6187
8280
20984
14019
19332
36274
20982
8677
9584
19524
3084
5697
2141
11968
12912
19630
3434
1764
40818
37255
31754
28581
14254
5526
16491
37354
53562
41676
7721
48817
19206
22421
870
58636
54297
7132
42879
9536
20406
59158
8512
40712
10453
6173
15190
58819
15002
10588
46512
56532
47320
1736
11125
30964
3892
30257
18107
15053
43063
7117
38138
44870
27014
37592
16183
42255
14234
19140
4478
14447
18116
25952
10801
6947
38557
21997
28205
13637
15525
49846
38049
25366
6367
38412
21075
18135
27963
18703
54837
50841
12605
1076
38250
47397
49577
20726
11534
5448
28433
20025
39884
53738
1568
26582
41164
3062
47088
47250
6845
53956
13786
1351
26799
8135
24626
54144
19171
51327
39192
30936
10737
28447
27899
14641
35236
10912
11820
42120
20112
4767
55099
18072
10827
22176
18895
1073
54958
9895
2346
19645
59990
2082
9588
9149
2312
16679
42982
6555
24115
46118
20583
44229
33825
2106
19151
5740
43611
26155
29871
26541
32140
47234
512
8336
7168
35184
14338
54430
25029
38368
23947
31558
14175
15965
12114
17559
15564
774
47353
46487
44693
53820
24386
44085
46995
1695
7819
6774
9005
6995
17025
8021
25306
14330
42536
10240
18540
54900
14889
55827
55066
5696
3075
17120
55035
11474
56898
59559
20600
52892
32445
16474
25369
26239
40771
39659
32990
9624
3206
15781
20753
50643
19842
13835
28589
50231
1627
23999
19277
28140
20914
56568
37221
56766
16937
9323
19965
9679
6194
19206
32779
4167
30217
1477
2521
58172
59119
16619
18461
7896
44737
6874
33437
35019
3075
22663
25683
32397
19936
52235
42563
54605
13228
959
56272
5697
51610
21640
13396
56895
10214
7219
30298
4478
11801
10196
14746
36959
42612
9718
4833
8323
46230
14465
20271
9943
4840
24196
52768
46546
56227
42340
267
12562
14730
1266
22363
13392
11287
5039
3015
42807
4494
35253
4137
55390
3127
12213
37502
57730
49735
52479
15928
8871
27942
12513
3202
1457
30586
56806
12409
18295
51014
56355
49767
10032
5475
15975
15062
47512
6464
1436
21029
139
16703
17199
24007
6472
21422
30232
20847
33580
57780
13888
33298
39228
19043
538
55909
7545
6878
2387
9095
12672
20361
58478
578
26370
11311
10394
8035
48523
19467
4690
18344
55937
4579
54090
55924
19167
15938
26503
29140
56947
5269
44380
30875
18172
48037
34283
50946
35741
52506
32517
17629
49238
8504
7231
2893
8874
38643
29303
53788
3090
21675
19746
54035
19665
12952
50913
5509
53594
21572
32285
46215
16861
14926
23179
2218
59557
50728
22128
3214
7615
31789
18432
16519
13120
11876
46610
1160
17221
37204
236
19955
35855
56386
29882
27711
30451
43629
1509
18677
17727
37381
55022
25455
17548
801
56910
31334
3850
9417
6731
55025
14887
24157
14203
21891
4731
47456
29312
13394
52122
45822
29184
5175
2428
28943
20556
7956
21605
448
2256
4118
3241
56442
14508
59300
34388
59266
2312
37348
28884
57859
46917
16022
13413
12675
49520
49352
27454
18910
19476
16899
553
21427
54788
20313
9796
15011
9017
5771
51646
32453
44066
42819
18981
20751
4766
16618
49944
12048
24435
4835
50646
16635
37396
3686
59596
5389
7778
21613
11155
23997
19555
15830
17577
8902
41215
53541
19592
5413
46555
32175
58017
47003
52924
13995
3898
20436
55580
5006
59714
33397
16163
4521
29773
18380
21666
10129
56641
14948
23604
39
2029
27657
10383
49723
15020
26054
2806
43931
27055
7123
4758
28785
50024
22038
19047
25349
41619
8561
29079
5545
50735
17276
15678
54658
45221
12652
29101
41277
52093
6984
35617
37571
29691
35603
57749
15091
1740
48936
383
21023
1904
1686
2220
10865
38012
21068
4270
14164
6489
39106
2842
16458
52900
54017
1084
59364
21534
27671
5392
7212
53121
10103
15929
41789
39356
41143
2400
11783
33747
14863
13929
44684
53750
19958
14076
2719
21205
42972
52808
21473
2179
1730
8254
11629
31240
48152
54236
28413
56162
25150
10358
57129
8145
55658
20665
8246
18560
57760
42725
14383
16655
41541
48423
13757
2063
52602
49
34623
10870
16902
24315
13226
7695
47423
1118
59038
5200
3840
23664
17691
11709
57738
8166
29547
20597
5877
20884
48401
28082
27121
38347
5690
2660
18550
49214
40435
2801
35893
15832
45564
15647
683
14399
49932
7427
7267
32886
6326
30745
472
16256
9193
47995
3943
39391
13425
4669
52992
52167
36617
26866
50888
4803
36867
9689
38119
53647
29949
33789
21219
37479
2095
52341
41874
3773
26788
8069
7024
11850
16948
35647
2980
6526
9701
1716
51024
8918
35876
11676
10449
14009
30035
32668
8572
7924
18493
8483
54509
21436
8523
11594
44993
50518
4928
58280
55594
40105
10031
13602
54347
43403
21835
13067
10367
48705
2428
52831
21579
49248
1550
18517
55679
19017
30947
54089
25733
25175
28796
14794
12884
46843
14257
15252
46191
15215
14098
49831
16860
56769
35769
15637
27713
9921
9771
38149
12795
31771
41657
21620
9910
5089
38017
4292
18166
12661
51658
32611
9509
27711
56092
4553
3612
20427
15391
28547
12195
3469
20385
8594
41763
59461
16889
23504
43271
29040
21631
15445
41848
56343
16511
17130
25748
18788
25631
46397
19143
26488
41319
31831
17300
1842
27288
24657
2881
11941
43121
2620
25330
16031
15840
47903
54295
57891
8453
59441
10432
5001
21648
10421
16029
50699
6783
2338
12717
20368
16244
9418
31296
21516
57086
18183
3835
15706
33077
14851
16486
6842
36085
12984
45158
31911
36915
11111
26036
19723
20967
22924
4675
16034
34111
41988
4788
2466
5869
11938
7562
21199
46381
36562
9868
8357
6703
1690
1129
18329
40328
18348
21831
34312
9793
15216
6679
1833
4413
9247
9221
30941
27319
5121
13885
15307
55969
10675
16081
45235
20498
5104
41310
56186
18814
12786
57086
25064
26966
23615
12175
1362
1422
58717
18338
19546
45040
41030
17372
43811
3404
29853
21983
140
4378
32907
42015
49011
1123
4448
27534
10525
7576
2949
977
7394
53703
9182
337
10151
16659
50437
52691
39275
31503
14283
30204
8211
7739
2471
15589
31172
8875
24722
3100
894
11235
52101
27433
9079
9022
11039
15187
12372
31876
50916
13504
20274
5394
7238
18993
20781
7538
9519
19611
21387
27046
57914
24101
13955
27358
27939
12768
53470
48930
35457
1030
2645
15588
16651
33035
27125
8593
47366
15142
3021
37655
28891
41828
31079
14408
48020
34469
42091
53062
1816
41752
12236
15085
9755
18980
14796
17990
13063
10699
3040
867
1466
16
21212
10890
39297
10732
26497
19906
1136
9654
7698
42352
52578
49826
14558
9068
39046
11601
46598
8175
17112
8121
43085
17743
31805
11038
10175
4684
33935
26175
47968
2862
14588
32925
38039
25487
9095
47730
58774
6866
35128
52723
9326
4535
6855
57628
5843
7121
24048
14703
16213
33864
52231
7468
16466
10396
7151
5946
5800
4042
14866
39554
38241
31620
27798
7516
20795
11259
24924
47024
5082
15455
20289
38027
11901
25167
30299
13195
6698
50969
34819
35982
12490
6688
14639
10369
39493
6156
52789
16771
2412
14767
20462
43751
6834
22237
310
17046
5227
9637
3515
31425
57212
2887
10399
3739
20189
17989
270
5045
1239
6175
40672
13101
25895
10351
28667
13863
7868
34179
23713
19749
16430
18965
14179
14826
11789
54307
22518
12292
57903
26258
37426
3612
6884
38315
11032
6015
51240
16750
42399
42327
10601
15375
16106
8962
35828
46513
9646
18711
9622
12355
54405
26541
19473
1958
24756
50310
45286
42860
17621
45321
14726
4545
19336
11954
10853
51117
38207
55328
59869
31620
3262
47929
18557
43873
5399
16907
9200
4202
5625
33534
32134
8922
31889
57645
4662
12537
21610
21127
18419
35917
15635
36943
15279
17019
38724
4612
9564
33982
8258
34340
21737
31977
50969
19438
192
58085
46163
47529
25506
36170
13154
50759
32349
704
17028
42285
7316
9150
6700
14806
54526
14412
27813
49597
19457
27901
40463
3601
26183
58280
22821
39706
13383
6996
14033
41796
52768
36576
12016
41736
57809
33557
13658
18687
16559
17226
9760
53920
12224
40773
9677
8817
20815
4134
16406
13140
12015
21377
58946
16369
12770
11280
7141
981
57301
57201
53447
9773
48901
27621
6423
16869
56034
12446
14778
12631
51309
1532
1078
18698
52195
50633
9256
195
13089
944
40592
32478
46354
3065
3804
4190
46907
625
9447
55165
40542
17042
14951
13464
17484
10547
13713
8553
44979
35111
13121
9551
52435
21632
10327
6373
793
12047
794
3703
27572
6543
6029
22605
11533
39544
12876
18297
56304
59635
6277
14409
19028
41203
438
23620
11832
2593
16119
9183
8832
2772
7638
5916
50228
12970
7951
21666
52701
8838
18230
21638
2279
6899
19122
40033
54769
57891
16724
7980
26286
20667
7290
44249
15667
27607
50850
751
11817
10557
5302
15791
26209
43527
36823
363
6056
48981
52876
26676
8741
7557
27667
22783
43063
20455
33771
14549
47910
44677
10973
9692
56333
15667
3764
20905
38554
52583
37246
3073
4586
37424
3732
51738
59566
15344
44213
28076
29773
23027
12219
2202
7315
36966
36284
19481
32140
30490
51760
2310
15468
11218
12005
5441
56016
4709
10847
34921
31768
16691
35235
13566
9935
8488
3190
59153
21601
25680
15425
23052
32573
13217
20713
48291
23859
9326
13637
55483
14488
9130
48344
36356
19471
55553
11084
59335
15424
6262
45327
54982
5309
18789
7151
9909
25088
17922
14302
51166
2781
1109
27759
5603
19978
14464
25814
46362
22913
7618
59375
46935
16672
5680
5110
5831
17766
20579
42663
59872
44311
46643
33579
8237
19599
20638
47448
22401
28505
31674
10910
11496
44323
16357
15065
13442
16999
8217
23610
10446
53038
55492
49454
26489
49430
33316
17312
54144
19372
14242
25833
24351
41894
19746
18424
37212
8205
10318
19862
27159
21608
8535
26944
11480
50887
47296
9071
20373
10228
4669
38618
14864
6605
56333
40290
11600
17468
19884
18662
51069
36000
48820
21436
34264
8167
4994
56112
18251
2563
51624
5568
1661
10870
42910
17863
16938
3680
47875
36788
46713
43175
35336
44173
35397
15180
18026
24426
20065
10197
4533
12977
11389
21113
10126
1150
4104
486
18975
26851
12275
36249
1432
10294
7158
21476
10374
15254
4447
24073
14638
53686
33413
2870
39027
30293
2641
34147
54874
4494
57720
6828
44621
26820
37085
13673
16678
1680
17730
36502
18595
8231
52882
34354
14975
39756
15170
45951
58040
6060
20623
44731
52580
46866
47378
20215
33129
3560
41036
13456
13828
20126
51605
39998
40591
21261
44293
44772
2453
25318
12059
2388
56722
35259
5088
22800
21172
14715
18750
20207
21042
5969
51749
33192
14819
40811
35369
39975
15956
15728
27596
49752
17458
13941
6388
6612
10163
55189
30758
5113
31291
11062
4346
6600
14573
53690
52471
41340
2705
28314
1214
19022
54884
54729
3498
1748
52579
35656
5820
5998
42280
13989
16086
4616
3628
42957
16458
5652
54629
2727
11870
3984
50399
20045
29455
25252
52700
49601
9537
6274
42026
7604
36837
18919
31354
27620
17513
9975
46059
5993
48274
721
16929
45215
41177
8276
11051
17636
40559
16693
59307
48594
57624
4384
2382
37555
18436
2590
34440
1929
20503
57547
12555
17709
9846
11716
48977
2142
48026
33050
49234
15745
15778
5421
23447
7406
57373
40948
57576
1857
42538
49080
8962
27294
14527
8478
43464
57323
41950
51726
19942
14647
17446
13166
27222
50288
21175
19236
33816
41689
26803
44000
5921
18500
10730
5191
44882
2836
33893
6960
35752
16580
398
21018
16461
15239
55344
30309
40335
9603
42647
21283
4258
57768
706
11144
9156
57403
48471
5722
43249
14494
15796
40092
33476
3631
55771
19214
8737
34770
22686
953
10091
28515
4036
21986
28731
4435
18313
36739
3823
16134
10762
42465
18327
46020
44787
543
44547
654
11413
7397
41110
38127
37115
9677
2346
56813
40383
21427
20067
6706
7992
26825
2783
9636
5950
3348
16125
5749
29547
4608
46752
7096
10774
40144
734
30267
2934
15600
49870
49696
55855
3395
25930
23743
84
4109
20475
56461
4151
15513
11778
57293
49567
18305
26954
34796
10464
3230
7068
52848
58187
1498
55365
55322
5674
824
8855
49795
34901
13290
21127
7144
9125
21201
40059
25882
22337
3983
22638
32378
12410
59545
53767
32401
30035
20533
28795
53747
1284
17455
9978
52503
25455
18655
10386
40278
16303
558
37041
12088
38293
35664
6968
3488
12367
3802
10411
29623
44625
34025
17797
12237
6964
4420
17350
10838
50311
11219
15627
5014
17955
6527
30151
4396
34642
13782
33504
39038
58160
55696
25601
17244
4856
591
38889
11309
25795
16042
56219
13990
27544
1274
16498
19150
1190
56739
14453
53102
1671
48607
24627
37523
1565
13486
37009
37863
27264
50779
25032
18213
1712
14002
13769
12772
7229
35180
32789
16077
11801
50914
50880
16943
2566
18571
51441
54473
11045
13314
20336
14842
15713
35932
50679
23779
20036
2645
59168
10463
51433
59470
44300
5697
14004
30943
3996
9559
2690
18487
9674
11923
57317
10915
996
48877
9324
38507
13690
3768
6294
2155
21682
43847
19505
43673
1611
7111
19835
12199
2666
6950
31425
3560
12172
23795
3299
32473
28903
20798
9906
5940
15650
7486
4374
27671
41929
14172
55117
1333
21248
37100
16896
28913
4539
2467
20477
12698
46805
40226
59328
32766
5340
45443
11299
37388
7835
40350
17087
55634
41106
46171
26063
40706
20595
53447
2080
14463
9601
26649
22809
8636
12614
741
15666
6988
20799
51713
9104
17351
1397
22945
11573
20518
59083
20696
712
59925
7878
11196
2416
12823
30601
20338
32860
645
27560
28655
17465
5134
32031
20514
11226
40630
16199
47044
8791
54778
55834
6461
7767
44757
2847
20977
58484
22105
17322
43053
49320
21772
18899
45333
12
19638
4593
7758
55381
7797
17177
8868
17580
25557
4019
59278
55730
24870
37121
45097
17664
9961
11215
9170
6080
5571
26006
41880
291
13442
56960
5487
41843
20394
37424
3448
38210
21753
9144
6165
3439
12032
42756
128
9301
9798
14707
19073
45582
8698
22760
31829
13008
10326
24147
10450
14634
5640
39149
21185
9490
19742
2552
12615
6852
53525
16084
43189
12501
17860
3132
13018
4778
20728
50300
18269
2621
19455
8646
19881
2405
11443
3939
2826
46502
56051
25722
3943
20527
18245
43444
16172
39825
35559
16862
11353
42494
28131
28795
17599
49552
54890
404
48736
12073
17603
13354
28635
36730
57240
35438
53500
44440
17600
18477
43283
18315
27029
13616
5812
43433
27726
41919
35173
44826
5760
44847
10320
17191
3110
21717
24107
4104
19746
7684
8207
15164
664
11238
3881
35964
18047
45644
18032
38573
12071
2476
4430
5822
16231
7420
8333
38278
12171
18990
14607
45529
38355
44718
25653
8009
913
28770
58722
9216
17026
32986
25112
814
13864
10096
288
39921
24960
35282
16624
53812
14305
15346
42148
49485
3632
16287
1188
20715
10052
13715
2379
41148
3039
18100
57940
15188
23875
1252
56784
56181
51697
4289
21267
13129
36097
29256
5684
8855
19347
43853
31250
16362
16284
17536
5505
54135
7223
17268
7468
9079
17879
7198
39511
16198
19266
59189
14146
7087
5486
43351
33352
27913
1825
47276
55751
5309
802
4075
54567
12844
1473
13404
34483
18560
33522
49420
37914
41220
3131
21115
17994
51728
20714
12403
29258
43387
47302
9885
11148
17312
1162
2730
11641
13345
21556
10793
32080
22552
35438
10599
10207
2239
51799
16468
2350
339
12058
45386
9351
19943
42015
35046
48274
35961
18777
26018
11747
3974
10616
38690
32227
50853
21460
34160
4055
7037
45127
15645
40389
20458
10942
6501
16711
16245
6974
10747
32975
52944
40970
14926
22810
11392
14826
17760
14031
59603
12590
85
8112
53439
12547
36512
490
57942
57617
51056
15059
3331
5926
14474
509
10708
17868
1997
28345
3899
37073
22562
11674
6769
23782
42151
19614
25678
57179
15385
32697
26125
17086
15910
21147
19974
33128
27043
32034
7512
7498
8944
40363
7242
10192
36152
11390
42583
12572
1806
34631
40075
840
49210
45780
7050
14597
13844
58367
5607
13720
48070
2892
13573
1313
46876
19408
1498
6992
52977
15247
12539
16599
50474
6164
9340
33432
14142
9280
16124
42822
4967
18962
1250
21724
5872
30722
9531
58419
28819
7591
41984
54519
44393
11640
16143
37240
18607
25167
21658
30215
49164
59393
59683
5487
15849
17055
58226
32424
4463
19946
4330
13948
16249
15123
3319
42114
50318
11965
12560
53200
11028
18623
55132
3456
22507
54950
18348
9719
3271
16595
33146
51177
55376
12469
47841
10838
18219
280
1828
52244
4505
26066
58888
3600
24679
7177
32152
15335
13635
8719
54800
57099
18736
7549
31987
19511
8542
17392
13319
21101
1252
4502
20783
8305
29334
4533
51228
3980
20488
33085
9118
51183
3214
18078
4564
43330
46310
43780
3932
683
16746
53455
5851
45308
38920
59946
44643
6181
1618
7688
43164
20904
49682
6482
18748
3965
34884
6023
7749
22247
17333
49273
9256
44690
50615
18845
33422
4603
50797
9368
6347
15924
1676
14708
15013
9048
1502
8805
39511
30772
7581
8943
1064
8999
1586
25830
54151
35315
5130
6096
26443
27683
5266
18109
36104
38329
11380
52872
45772
20504
13340
7482
4379
14153
54788
1464
43841
4569
37587
18335
7162
43915
12823
2701
24209
28949
2169
10564
55549
6759
18005
37575
28733
10976
32714
39663
5278
51934
8124
15287
56202
1477
23893
10480
23285
38094
51474
9452
13788
5309
10796
20705
23512
7022
10922
30049
20075
509
11255
1058
40298
15783
53945
32966
43845
8478
51372
26476
42807
35149
11339
35033
39246
11067
8420
36761
41020
13443
2296
9155
53844
29747
36711
58770
21640
17462
27188
20540
50841
14066
46531
52812
21390
19021
7532
29742
16007
18400
12097
12812
8581
35684
11027
40976
50327
42931
39576
1574
12727
20756
19155
36187
37682
40201
11558
10886
24369
4398
9680
11376
18803
5398
1412
10140
4366
31062
6142
15710
20957
7354
7791
1043
988
28198
48180
44649
31968
18842
2282
51346
53681
29277
16357
2125
21058
8270
22852
56398
5590
26684
36927
52145
11151
38556
34449
9085
8048
5378
2224
17854
5112
13052
10989
18838
6602
23680
42450
13206
10064
22456
21007
52419
16596
19657
35918
21417
16486
47214
46162
53325
5460
15914
10411
24713
6204
41229
36322
1596
18120
10942
14604
27002
610
8310
5294
4172
8843
51191
2279
11009
18391
37031
19436
19694
4055
1076
30692
11947
19972
12747
26776
5756
42544
18002
1565
50404
47388
12828
33358
42603
51336
10237
2202
22702
15551
19725
35042
16758
4454
59072
13580
19464
22115
43944
46979
20962
938
16319
21384
9293
15542
428
15250
6900
2211
7603
41450
33783
20540
41712
11923
4850
13412
55991
46263
59613
55813
11727
14385
2998
33950
7811
1512
8728
6308
19268
15300
12570
19896
18129
51969
24577
19448
3388
15434
687
4241
9994
2846
41536
43845
42270
15019
47143
49289
5672
14184
11613
19540
40234
5008
28514
40826
18219
55062
59581
44490
1971
23702
9860
7301
49099
18286
17726
16879
52637
13477
3051
30151
714
13329
4181
908
3139
20012
25464
18800
21228
2683
14969
25804
32892
7833
484
5247
18584
4121
12102
9774
2147
45988
33041
43623
31050
19790
33649
49285
17292
39182
13380
33225
787
19449
4752
734
3459
7570
30756
24079
7568
25516
31580
53814
41072
40307
6308
17884
38355
1370
3546
6947
49958
27414
36837
33608
57317
20342
57339
57089
43689
14413
41926
20777
6024
2678
250
59144
54070
56494
20954
54755
35276
42526
59978
48828
52853
20695
5592
23856
14801
20611
16622
22740
6923
44627
7580
3448
35215
25266
2729
7783
6620
56855
11496
16125
19766
35672
20793
2765
419
21709
9084
9550
44760
56156
59936
29401
15827
51463
29439
8927
18779
3477
15028
12227
13110
16932
27929
14884
12436
16363
11820
19129
20842
6230
34865
13427
47670
25078
15216
48179
3780
56537
41101
7209
9851
12974
42421
45544
34801
56307
14941
8495
19456
3728
7088
6219
20012
17734
39672
28162
5027
36451
3617
32161
46617
14611
55577
6303
59822
20418
23007
53506
36292
20580
37161
55088
56453
17006
15822
41834
59922
50495
4277
12382
42810
6553
33235
53190
20241
23807
14052
59278
11364
19326
20745
19702
12194
7708
28533
6237
4283
4744
6587
18822
39650
27438
10031
7071
12036
8083
21708
9049
52385
14193
4018
44105
34998
10399
35903
5966
14060
13107
12340
49560
44479
16633
21396
54718
23203
14328
12871
5712
9377
17563
8078
4544
6434
44292
18538
6270
9144
58227
7586
26749
42908
12632
16033
12732
36435
47660
34910
22691
26561
16527
39386
1669
4755
1915
4139
53010
10575
3055
17815
12490
35500
50208
16551
45190
20771
3755
41037
3538
15728
24686
10049
16261
18105
37313
13025
36168
15751
239
13184
38714
15655
19337
31043
19896
52253
9665
55160
6062
51944
1302
16569
3682
9645
41482
54191
28320
11384
15899
24431
4642
16875
58145
37188
20124
27780
58092
58505
21514
32500
574
13165
53318
55273
58002
26132
19625
59811
9418
32892
20257
12985
42232
57390
32107
43152
8457
41227
47287
44237
520
32724
24556
52089
18267
28260
18884
1290
39778
6743
7344
56990
5105
3652
36895
16769
16958
13195
10097
12819
16212
4818
54710
16769
39347
9953
3534
16585
12732
58599
19253
23190
11812
5909
6575
27730
12596
180
8576
55461
2501
11686
41005
22527
5729
55858
36830
50766
15661
21749
40234
59789
18402
54640
18928
26891
31841
56185
1490
41005
47032
47420
42057
20261
14134
11476
16321
16938
8412
36073
49023
21655
675
45708
36277
55172
34414
23384
3803
7079
5369
4126
3434
14757
30089
9732
10675
12150
12264
56670
6517
18410
4118
39986
10817
5072
23391
12074
9605
7382
3451
33124
15203
50037
17340
23568
5756
4965
11839
20347
561
47626
50481
54128
43784
11022
17592
15529
25055
3974
29244
48478
5683
6192
5923
1108
23159
5215
1115
25548
2116
5989
43390
16563
844
43456
18738
15044
39397
12136
40069
46574
54745
46310
47435
29713
30022
14875
18514
3850
52497
18100
42848
25266
26252
7261
938
8251
17163
30939
12276
49476
19990
3089
30030
37234
11580
15874
12038
45032
58295
55014
36869
16385
8662
21582
17282
12640
16252
38442
16331
16803
20097
644
46252
11545
29232
57426
7022
10244
28483
5445
307
20907
22703
54576
2197
5500
901
53809
15007
39764
245
12933
21666
47667
58387
2060
46850
38854
39084
2577
26579
52257
11402
26513
59789
16674
5440
14691
41756
12695
14824
47686
58701
36680
6477
33705
6105
8184
4631
50017
51440
20701
55088
6291
46757
8280
38324
11828
15882
5342
58442
6091
16627
2483
13310
21583
2310
11841
6342
59124
20572
44543
57740
44983
33046
7041
3525
42415
1440
37948
21680
22354
15731
9822
15277
4041
6821
33241
10787
2944
17750
30156
10143
55410
46838
4679
17186
9243
3239
13014
4682
21935
33390
23039
20295
36497
27260
43641
32927
12271
12884
17084
18045
6282
1576
17923
3280
33789
34679
59241
33450
11118
59476
11943
45749
2146
11050
9965
14286
9240
20835
7693
2389
6248
51379
29907
21682
31761
5446
39963
9657
5467
11188
20849
19354
45019
44137
16680
11620
5640
53801
34773
13814
28774
7133
11980
11629
1196
10151
30809
10074
21600
696
38191
17858
1860
18206
46713
23172
4415
9882
8823
9903
1071
516
21695
14745
59053
1411
29488
46646
6332
13532
11160
35262
52676
20541
19684
45394
10712
7681
6659
12098
9480
20078
59533
47718
19766
799
10010
13625
36879
2762
39260
37801
7139
35568
26863
14810
32561
19594
5586
50416
2635
10051
15893
5927
5247
37665
46929
33757
17057
1285
512
18355
50537
25167
35694
1206
15250
20406
43973
8941
11065
14069
12764
1547
59328
1941
17553
18661
822
7488
40482
54859
3508
3945
20226
21498
15742
2466
5181
12577
31138
52447
12226
36853
9123
52301
42127
58610
8428
36136
38221
11733
31511
20148
10858
17819
15706
29685
53955
32330
54473
3002
56603
1076
15997
34403
11277
12316
373
59286
29497
50506
47126
34102
11998
44783
2628
16929
35170
35287
16166
7006
46805
37343
1906
11355
11124
47529
2797
16437
1004
26937
2932
10529
31626
10536
1821
4881
42724
36067
21004
38424
364
34188
18978
33743
11758
55160
26189
27887
11256
3481
25371
20272
3966
84
11091
8000
22271
8034
6851
50810
32005
27169
18853
9831
11268
19857
23429
59042
17575
21067
16008
8094
49223
33708
35410
29734
47201
9636
22119
14355
25988
30436
12207
47939
28409
13622
13737
14201
3778
19928
27092
20794
8806
28050
18981
2340
16205
5203
18603
16819
51146
14493
39457
59174
46150
51280
36473
17905
8449
5280
1423
12110
10700
48116
14554
1633
8647
1080
5195
37169
19131
49845
4356
13558
39737
8069
14524
14592
17268
22740
17251
49516
19632
23790
8994
13663
6416
8139
37369
13874
42469
16752
32176
37750
19305
18151
15232
15159
30217
49620
15678
55398
23414
352
30276
27078
17676
29484
3981
48503
42114
52486
30332
47215
4029
48843
43784
52224
4281
13311
54241
18406
13976
19158
4475
19697
14664
15126
4632
48008
27479
35070
18993
1991
30907
10409
5525
13672
10591
51463
23835
19577
8970
578
20271
14965
6059
6253
17777
15442
11564
8005
28010
42753
1956
12122
43410
39208
9435
30653
16223
20784
8210
882
38948
22152
15792
14245
25957
25
6120
33330
27906
2297
22769
3840
5981
28471
5666
33681
47042
12060
47282
2826
6648
8333
10504
10137
12622
55482
16097
18287
39696
13744
8553
12835
9709
28270
10943
14050
13174
1654
53535
24892
5403
6187
23671
11244
47206
7937
5756
58141
24047
16545
31026
8752
14557
21527
15736
93
12957
39650
54961
30008
10180
4315
16503
20064
2195
24281
7984
36304
39595
38690
19853
52267
3143
15616
21193
3444
21711
15616
313
5238
20802
32773
49494
1350
38801
20278
20041
47988
15808
4940
47821
59844
19556
15353
54941
11057
7121
16399
8165
28270
24289
47954
15415
7097
17532
18862
59492
20493
47582
7374
52856
4548
14810
48213
10476
16277
1588
58287
7164
58240
8611
5924
27237
4913
6846
970
17847
15358
33769
47984
11781
45647
8012
23187
35865
11072
8133
17865
35064
18380
36337
35013
8839
9406
31264
5420
19159
20695
9182
49506
46571
2044
14785
6316
14899
41455
8178
4701
47307
9899
26325
51871
3823
5276
55914
17552
13190
1048
51019
2090
32361
3668
22223
13460
21079
10827
24281
44042
36596
15744
16595
13465
2129
35398
11465
7852
22721
7441
38984
38384
39604
13153
48937
16592
1802
36437
12922
6026
38053
55144
45101
58408
45104
16272
10717
40455
9094
16683
5617
42926
15995
42080
6189
14290
20621
7327
13749
34176
4882
21059
17408
51346
51531
16235
54448
15309
1259
28292
38963
54167
317
50303
17369
19823
14072
11887
15600
24300
59101
17491
13545
45666
420
13985
29661
20577
11288
1361
24466
16812
9492
16272
44882
30055
23457
38137
38739
15976
17140
32092
8348
59691
1932
9842
6447
372
22286
48758
51349
808
6651
24612
49867
17140
4044
22995
20683
55010
20316
22857
49346
1093
43534
43867
1428
20049
11165
6824
33546
35220
1813
5729
2889
6133
18327
19673
39821
12804
11419
33479
484
34303
14777
25924
40517
53513
16373
8652
3900
2433
2023
40366
45328
19249
5684
6409
6925
16685
11335
36237
23988
28526
52008
3424
545
16903
2160
34700
32348
31005
51273
51260
7539
596
6226
41291
15175
4766
12448
27801
34162
6587
11452
4302
17734
5144
7857
11124
13799
42015
6912
33962
58971
13527
21298
57961
10275
18175
54289
22254
7485
7624
17117
13906
4088
52060
19956
10283
10195
39243
12219
17170
47525
56556
11886
46723
55280
19392
30115
13402
29017
16124
33628
11191
23717
21111
4245
2018
25979
54369
9482
990
14224
10268
12631
58800
48092
35294
18129
164
30994
15350
37289
52165
7535
9500
13642
20453
28334
43194
10994
48505
12808
1457
33300
12549
13974
5731
56547
10612
24779
26243
4602
25313
3255
25643
18325
7976
20765
26418
32127
9303
52533
21538
468
33249
1223
18011
5739
48833
2652
4477
38590
19529
15986
49171
37987
17659
13367
47138
33718
41763
344
10812
44075
6242
10258
4562
50007
46791
21729
19519
25568
44614
2922
13305
41344
1316
34116
15176
33845
29634
2417
20074
36922
22345
1643
15028
39681
13327
6568
2229
11745
14265
9060
21008
9886
4891
30340
42065
44847
47112
16628
48728
30836
54163
39804
51963
34542
11004
16735
57089
54289
16991
52132
20087
12905
8521
20914
17071
16352
9577
38087
34667
7253
8430
27249
45078
11331
4764
14658
59414
17942
48635
13286
46817
25289
13982
3337
11087
12589
29598
28278
13089
4735
6698
19433
39287
2518
40617
10741
50900
25599
19682
10833
17300
23629
19201
7947
43177
48429
21297
13856
26830
13888
9988
7636
16606
36904
19648
34649
19193
13090
15168
54281
353
54387
10574
7085
16862
18455
15686
44850
25251
53187
9386
26942
2733
16794
41888
33511
8451
58660
12595
13178
12985
1875
48557
19717
57434
3889
48619
14288
7046
14215
41298
18876
2056
18938
46412
12712
14320
3790
31534
13370
11118
4705
17152
48701
51782
36284
26684
5650
20436
1561
47540
21660
21561
21367
3929
15788
5469
18840
1941
58126
39685
51160
9739
17852
9245
15226
9380
6203
37880
35599
21049
15959
34742
3416
900
26291
19026
18424
33030
40042
445
6910
13435
16307
5857
9820
20533
20613
15946
55860
10902
36031
29330
40229
20489
45272
1731
2216
26170
12023
15364
10476
20308
28601
23724
23968
8116
1412
17496
17669
17974
4185
9864
9345
54337
25185
15338
3033
15121
33261
25356
59958
52841
7645
34947
218
49842
47266
12448
13827
57482
11520
16790
5587
55249
4693
14607
55057
15334
14721
6780
35632
30565
14375
6725
5030
12987
10285
1189
31625
32
25194
28408
17954
45332
9628
526
260
13545
3167
14636
19507
12175
32933
12209
47099
19812
16399
960
11570
7252
53511
12666
23760
19350
18196
49168
58722
23260
21273
2493
3894
20608
13387
49717
16261
4870
18527
18946
49655
30223
57420
33471
29704
2309
47600
28611
37374
13399
27494
24107
20394
4172
8719
56871
6404
403
455
42521
7223
4077
20387
6821
6955
17033
13095
6291
6893
13260
14651
11702
19256
14962
6642
19015
16727
11135
3844
19776
392
9677
23075
5551
34142
16729
4513
19736
8127
15538
19745
17883
1100
14497
15843
7971
31605
36251
34518
37331
55531
51432
19294
12025
45878
34344
16792
37620
20913
57788
490
9338
35268
4720
7240
13113
11693
47923
56248
2676
20197
46089
39000
17466
9067
6620
9136
16570
37269
14823
11047
42434
41902
4295
41332
57020
46082
19572
39139
42673
20033
14263
18502
4881
5636
5623
9353
13146
4024
30871
59251
19695
33628
300
1881
12300
9921
54627
7308
16186
36352
1324
8102
49981
2457
12472
51544
10999
38836
48333
12607
10278
16757
69
44934
22546
41233
58692
55783
2472
10447
9247
20295
49833
48569
17718
10306
37788
1133
7633
6842
54059
50273
5021
38256
49438
17981
23658
2525
52203
14687
34231
29575
17145
42192
27369
12349
44550
37822
3292
42418
3111
21564
47910
1415
23841
10808
2365
14020
24618
20177
20749
4054
33988
21292
50375
46525
36639
5613
387
44702
2354
27270
45904
11602
46752
50703
8098
7732
57825
2251
11033
35122
18483
10162
3237
13947
15074
12460
16148
46822
10661
2273
21476
41368
35526
8419
34941
15134
19422
29473
7968
9285
7772
39636
9468
10282
37535
351
4474
27770
8977
51481
40155
8381
32501
19945
14899
13652
30766
6402
41296
5092
19431
10690
24402
46161
12667
2558
31309
55409
3924
37020
2000
6299
17477
21736
19336
51833
7718
18700
2759
10581
16659
19281
8090
57035
14463
211
6498
1380
40798
30375
13669
8473
54993
59361
43981
41789
54685
16788
21455
43613
1519
1840
40935
16395
10800
20671
57140
21448
23086
4533
15429
8811
33973
58274
59455
1521
25538
21649
15978
24701
10818
24582
53760
17095
5455
19117
25438
2770
56103
18187
18909
19656
19757
8985
47363
14285
6470
8166
2353
43444
25499
11666
34320
21372
54420
56997
16866
20245
43113
19882
13728
19736
11932
4428
12696
633
50719
1172
35244
17281
12997
2314
13820
3319
33700
39916
1020
22536
47779
7281
56
17339
21567
4483
50380
14284
46666
14914
9293
40986
20147
14550
10727
37063
12734
6143
5889
45098
55689
8497
34730
33797
12549
42046
48758
48371
18595
11157
3928
47188
13685
50794
37410
44887
53296
11554
13258
48825
32850
11080
13281
30603
21333
9507
37129
50529
13584
43306
25672
3056
14862
4146
14082
14848
53636
37998
34943
17003
7401
46152
16291
29267
58510
23493
26973
9295
44898
20772
19591
21008
41586
2849
28625
13794
43489
18510
20306
18967
21513
16104
11351
56700
20849
19209
16849
8226
24346
31716
6104
29815
21153
7906
7200
14097
16272
8460
20189
12023
37093
34641
50592
20137
2996
43009
53986
40780
43259
14274
19806
6972
52744
8370
2249
55932
36775
142
7041
23012
625
10140
48471
20993
18353
31957
2794
1576
21383
51221
12797
41245
15040
9881
13372
59968
45148
21239
7145
700
8848
8012
16458
17383
4769
8746
20214
44841
43509
10367
2925
6544
11956
42338
1631
13361
16068
4338
54120
17990
10971
21569
28700
58117
47154
58218
6404
55254
4081
22167
11589
47229
25052
26535
25464
10717
11538
4135
56826
272
3999
55617
12175
13926
12481
35260
47593
6729
1011
27813
36277
36042
563
15196
4474
17054
534
12980
29718
22121
5020
11319
19789
44064
8374
48378
14749
7198
46764
30779
28352
26467
25173
529
18677
25167
55128
57034
5985
19529
4675
31644
1384
21691
45498
30199
12223
6597
10275
4310
53459
18052
32229
15905
10407
9072
11322
14854
27329
48568
17211
525
8690
34525
11867
51770
46560
5544
45578
59755
332
35816
12402
37834
51801
10187
7696
23172
58312
50349
41594
25190
16830
1742
12840
51086
32799
28365
9150
8104
34844
13814
162
25150
19382
48011
5215
23660
730
6615
6384
20003
32694
3640
10427
29652
55950
4871
211
3742
7175
16823
52203
11990
53489
20812
15757
9392
12957
2088
6695
23106
11102
37469
37392
2015
6602
6159
24610
34551
22238
26476
18161
238
42073
9621
14363
8603
32092
52112
43422
27740
54148
17757
48910
14848
21344
45473
45997
858
12940
24830
40509
25961
35385
41051
38627
19702
17171
8968
10407
12070
30422
14205
38102
4513
59033
20732
9232
24038
11870
17073
18527
38328
31374
12398
59425
49699
35532
9782
53110
8035
48013
54025
4100
29936
21062
9424
49376
31789
23142
48390
37345
44635
12479
13973
35617
8249
57832
13281
15857
4650
44976
34241
44208
53291
12917
44852
8348
8395
10115
40880
52293
33048
39862
1012
19293
16551
53307
27661
58841
9037
58863
1244
7510
37731
52178
22198
22046
34512
51107
8299
50881
13900
3164
58494
23973
12999
16662
32623
11772
6751
23132
16499
9419
51146
20965
31411
36973
7950
4408
20139
18842
15055
2974
20449
4246
19372
7749
10827
15517
4518
53525
39334
19319
19064
27999
59012
44357
5155
3304
49310
13450
12275
8177
59229
28721
10240
16077
45
705
42811
25393
35971
49675
5042
43776
1774
9636
14517
11700
13448
14842
8046
52188
21627
50875
35772
2400
10422
18913
44101
13703
47439
46044
13915
22887
10003
23353
40965
14563
21548
48392
2548
18327
5482
14613
9731
7128
35621
128
6449
57991
51565
17428
32382
18895
29983
33269
26442
14311
19260
54181
27387
40658
56420
19801
19033
3086
24268
45245
21700
11453
50442
48411
19812
3519
6697
5957
43339
21315
41269
3920
4690
21767
4235
45139
48045
56131
9399
14671
59318
10052
29942
8188
19277
18089
55934
57470
54697
4743
52683
10189
58430
56978
19755
28578
33814
58753
21914
13805
10664
29902
8141
46336
5316
19581
5410
25662
19833
12640
14817
29390
29483
18362
12235
10424
4992
34815
26101
47638
41692
48621
14080
31947
35326
4428
55423
57594
3547
5718
6069
16918
15270
24518
9111
3957
16181
55421
17041
34354
9578
30334
13701
6802
47053
55546
4659
13612
37660
14343
23018
21306
3306
4902
52732
11191
1306
48083
17066
15294
29532
21336
16762
33438
13239
32196
42708
8606
3190
6557
18109
38593
15104
4861
38141
29958
3677
9795
52053
39082
8258
12443
7081
47884
40936
148
16338
16278
40152
3419
56217
8608
22779
27377
36862
13144
41152
5519
12570
20429
11135
5947
19414
23554
19520
3908
4810
3784
18155
21143
19130
30987
50823
22900
52844
19636
670
16643
46116
43163
52888
11022
59851
41421
27468
57018
38111
21102
7452
18021
29319
10608
47720
15346
45512
8884
21459
4796
37756
46697
47104
4654
11862
4718
37198
18224
15962
8086
41416
6691
54593
33340
26705
7173
48586
10346
35348
52776
8764
4321
600
1155
39517
59300
6862
54866
7838
54764
12045
147
25411
21460
9644
1138
4409
13355
39318
47515
17962
19188
16345
275
26918
7254
8401
6165
6357
33286
22412
13937
5009
4296
53535
43421
35622
24308
13041
15560
38785
24593
58004
45048
56812
22210
14424
35901
30998
15881
40998
4973
40748
51582
7751
49141
55082
8655
9499
24961
37284
15043
53979
28999
14343
59032
24842
17406
9399
244
56185
4638
42701
53936
43104
26608
3970
24419
14763
52575
46141
56732
56143
53855
57475
22541
6011
46376
8786
30320
8207
2414
6039
12146
36989
37179
10639
44950
12093
15441
19689
31664
12066
4539
18538
18191
7337
2078
39476
6212
17518
27972
48345
11600
37544
23707
5777
285
1031
30392
21509
4050
9328
1340
6125
6429
14473
52989
18719
518
17804
1656
42180
34694
44
17524
19827
14276
5790
17232
58050
19909
37942
24746
6117
14483
37092
7750
53190
11958
4127
37383
12429
17803
15120
9265
13262
25889
15541
10334
3592
2751
57679
57660
2486
9623
29361
22198
7621
57335
30577
13712
22217
920
11462
2169
1419
50774
42614
43471
20882
1333
13002
5990
14305
45682
206
15568
4289
45564
12200
3776
21310
3147
18022
15193
36779
9416
5839
12565
5188
8471
16451
19600
34623
8483
5791
19188
11205
21111
1197
13488
54099
15014
8324
12255
13657
52365
15250
20809
6715
44521
18470
17516
2185
54497
19258
17015
11436
10620
39872
14157
17810
154
965
21171
17592
11606
9023
33617
18370
5676
15477
6809
15981
39174
1109
49737
7528
4986
18236
4161
57286
21292
15113
44610
45557
19095
37768
12377
2605
32841
13352
44269
673
13920
17223
56949
368
58177
52313
54538
41565
11023
1445
31817
7472
834
20502
7464
4474
5325
1951
27157
37970
18582
18374
35253
49777
49539
9677
14435
20735
4493
27641
8368
53817
19564
22400
26435
56883
27412
9804
10318
40874
55792
48009
19905
1334
27500
9257
41244
19112
8331
2086
1492
7717
35791
43740
11275
735
36365
20085
3824
45050
51810
53780
33627
44344
3177
5897
24141
10197
776
4622
27704
2160
57278
38889
4421
8903
17389
19109
39033
33280
5101
27137
15239
20750
13982
11655
40195
5530
14827
455
2581
2730
35724
32629
16740
11788
15572
15217
7656
171
12906
116
41225
47803
40016
16008
43271
48109
19279
48813
5116
13754
17629
16863
33182
6571
19823
31615
3867
17735
13424
56837
5048
15508
18502
3308
48246
4824
11656
58046
59744
2332
23957
36159
5692
4337
6784
16061
48765
55046
49273
45374
35175
54933
1040
195
2442
46093
13138
4965
15765
22939
8674
23227
1756
19732
19518
2055
48660
25595
49913
55511
4444
6972
49091
44251
14269
56529
2710
36510
59450
52548
21136
1438
1049
20086
30293
21855
13704
11766
14617
50748
30590
15246
3153
7815
5687
17716
39889
39445
9139
1976
6316
25124
17090
56170
15157
58918
31049
38343
30412
38960
57660
7845
19303
24167
57752
16479
7350
16108
39157
15771
20738
22244
714
49413
11530
33136
4354
57616
56571
7958
54357
20828
43489
20671
11448
18246
20174
1381
45038
53745
20932
21002
31240
39786
3978
53930
28957
41330
6294
25505
10671
8017
10120
748
39517
21924
10015
886
18322
2439
14992
56393
12831
12829
14216
21411
59131
8624
10822
9271
6597
29215
12262
14230
33482
21596
11519
33909
17132
47744
14181
1783
20518
14942
34410
6580
11810
45277
31684
1989
8893
3529
39413
9167
3712
12311
33836
39131
52662
4908
38663
1661
21402
37160
11315
39718
15559
25999
23344
9884
43899
30365
18646
5388
13364
7669
16866
4357
14839
39115
21673
58644
57328
21019
828
51073
5708
6890
33999
30043
26436
29673
17362
15168
10408
15852
14231
30891
15591
9598
2701
19911
22152
46370
33591
17803
5391
32300
17837
52045
21753
28294
1370
28127
12602
33568
12237
33051
6595
18694
56012
2608
13296
16891
20372
23189
42730
37442
21238
16915
18135
19436
52067
41190
41129
44809
116
15317
40319
49370
6971
7103
10205
20633
18071
2538
13626
19155
11305
24346
17258
16188
53364
18958
18197
5403
20931
58890
57876
19461
6259
4093
19585
20646
57272
10023
19199
37955
21322
17830
21069
13590
42043
8860
53143
9336
51978
47629
7654
48162
43769
9311
11596
11176
1605
18014
33117
43367
1570
1013
426
18772
15263
7916
17903
39947
6437
3250
12333
17270
49716
17880
4221
40559
52336
1374
55622
24018
16027
42704
7880
8529
11875
30178
16669
57435
20489
44285
614
3620
36262
11162
46180
47559
8392
1791
33494
23671
55772
11879
11990
38259
41990
13765
16924
45596
22643
19410
21473
9175
636
2341
6601
53710
54812
22437
589
5635
20474
12852
4806
27180
14364
439
8303
2628
11511
11590
56041
15867
57376
59203
14402
31899
20515
18910
58103
58633
20649
6416
17265
2703
25075
45409
15629
5939
26571
5790
41935
20859
42376
9842
27079
993
21523
12442
58655
52358
12301
12156
18877
8135
818
20045
12139
13964
40930
5126
1450
29574
10553
1508
29760
54211
6447
13097
17245
18473
33945
9113
4780
18287
17617
26859
12912
54948
15231
44225
45916
39844
15816
17593
29345
17157
12336
15489
18835
2022
50207
45420
42783
35339
11750
34185
47610
2185
14083
8681
12046
16212
5257
7258
14961
44346
41124
46895
30309
43458
2167
31692
16163
3909
53729
13109
13030
7362
6001
48866
10128
13552
414
13035
13635
10754
5138
32234
44555
8112
29915
43553
23
10083
20966
38532
47483
20958
20705
30116
37141
1137
19510
8305
11887
15329
35664
8142
11411
9597
52324
51635
3955
4180
41691
27445
28009
14327
16547
20561
3174
9042
13047
30248
15094
46854
16341
58579
59867
7522
54478
53148
33889
55535
41495
19384
9755
24848
26583
7000
15466
5445
56001
7898
2626
40422
36192
20655
40408
39074
14679
2811
14509
9587
46362
12966
51592
12387
36195
35551
47177
13042
46382
43597
15611
57669
9057
16094
3467
7977
37266
6997
2104
35752
11652
8311
41802
55202
18778
25418
45760
7977
5534
6440
93
5916
24378
5241
20429
3572
11470
6489
39305
11268
13301
12270
26152
38702
57798
8527
30479
43723
14682
16733
4822
5927
46409
9024
34431
24689
20295
45262
55079
46095
47614
17911
7390
55054
24948
2187
9582
43690
3443
10984
27693
16800
6757
47869
43376
14698
40991
959
15820
19506
58679
25049
44841
30723
48325
11397
4931
9126
13361
25103
18761
12580
5425
12205
57763
3739
31917
47827
30728
18650
32195
4283
5353
5127
58901
50994
29891
33391
7783
6362
16811
5434
23940
47019
9302
11315
49103
32527
51529
6422
23468
10627
53907
36500
11945
11877
23580
57559
53354
854
31817
9690
14447
349
12428
7796
20166
9497
53210
11327
59883
5356
15172
4878
28452
42321
19385
55266
5175
11689
22385
27082
53506
3762
10097
7917
40181
48062
11305
620
39360
17027
59514
59323
38539
21131
55076
7364
22625
4950
9190
20044
16046
31960
10772
1381
1149
11431
20013
3378
14088
18390
9813
55978
12572
16662
55844
14475
55248
19600
50972
9715
8855
37565
19893
14507
12661
5765
8962
31
732
3867
44060
27870
3785
28196
9059
15500
56728
39529
11499
12518
16788
2746
31228
47571
16349
8194
46524
6331
21715
10425
12920
16479
5947
9579
13330
26739
3718
14308
32690
31401
30830
4858
36727
54698
3493
19250
42868
1766
4618
15865
8071
16017
3813
17986
42004
35380
19005
2059
15374
22502
14788
18381
50463
30104
17399
40064
23853
5050
9499
39616
57193
18704
431
7845
32459
48181
18434
10999
45613
36746
9941
3438
18761
58529
14130
11210
44025
8028
8708
3689
56649
11616
20662
6710
8133
40307
23480
13278
12463
932
22966
9873
3793
35801
11725
45866
25770
43001
54678
37760
4153
19426
14225
25779
34041
52613
20470
56728
44920
1402
1558
34341
56702
1191
4285
6722
30865
45695
21196
32532
966
5415
54377
42704
52799
22650
10108
19009
10492
40114
16319
17007
50391
18815
15101
29569
12243
18459
48471
21494
54447
9050
59211
2579
5420
26062
25844
42430
16722
176
19222
27825
37163
18552
13515
23435
56589
21218
43301
8160
25592
23626
19459
57995
23748
14481
50170
34824
7853
3596
17552
23570
1891
27875
17672
20705
4197
42625
13327
7644
50179
21227
29028
13695
11684
21945
19493
33012
41584
52763
33335
6743
46586
34122
55838
23711
18043
7706
3227
58870
52434
1571
25271
30644
53215
12332
18255
44347
27547
19458
40620
46428
179
37201
25871
53262
47784
19569
21091
12249
10081
24266
15939
38010
16043
18491
17501
8530
34603
20055
10645
26317
53962
34568
22846
920
9021
52808
45438
32871
25656
15551
5175
52332
12866
43044
17524
19394
34533
53028
7434
16779
10694
35736
45741
813
1534
3268
33212
6227
59739
69
19785
20205
2600
10498
28443
3437
10931
22027
5624
13622
41714
40485
9846
5217
15805
16221
21254
17689
19054
50084
5335
6534
42685
12575
40430
12421
6146
12759
10995
58075
9526
14390
11929
33635
10542
8406
49883
32590
8822
18655
10882
9442
54337
2008
493
19573
45182
49588
22242
16468
1371
21155
43951
59727
3456
53312
30428
46312
58984
58200
4962
50874
8672
5489
44126
21843
7412
38082
44493
9202
28146
14429
27588
38363
18827
9516
4784
3178
2262
48136
11833
26910
13512
32754
31498
58136
7657
20777
12783
2375
3926
36610
5205
39906
4786
53629
11592
19754
58735
43263
18262
2870
15364
33106
54002
55945
16807
13798
45078
40069
4454
15676
1724
20418
14470
11568
4522
17419
51508
20859
40699
10847
42454
13077
26838
14801
27103
3913
3709
20795
31523
19210
32025
19625
8595
15740
52626
7498
746
8881
12635
2640
10776
1162
15806
18107
49233
9549
55741
44006
3682
16652
11141
13778
41482
20356
30079
55
1923
20122
42073
7201
6047
52557
5122
11533
21688
55512
30614
17304
3219
6921
57936
23522
24734
16313
7788
38429
27115
20589
16493
22054
18973
4648
4231
6669
7419
20248
34391
3715
10641
18979
47224
57781
56895
14444
15182
12503
10372
17682
30971
14334
21517
9380
59612
279
48023
8924
20447
48194
22603
54669
24360
1271
21333
263
8250
25232
41722
35920
20725
5657
44140
29652
19784
17706
27848
7800
7093
3086
16610
1941
28647
26833
41018
40570
16974
13392
43862
7098
12891
5703
31187
40606
47894
2444
922
8884
12827
29147
4183
45594
46986
20027
47847
31871
27033
47338
3915
21417
24488
33057
25203
13851
10645
14419
9592
3472
20628
21514
16252
59900
14277
7843
9727
5060
56478
50386
2277
49032
12928
16177
18940
6214
26503
42209
18243
17193
4999
57712
3406
27919
19118
6216
11345
50536
44801
10824
13595
28242
36382
59020
39366
58731
15335
38453
7741
18482
32734
24027
42480
5835
4948
31865
10716
5810
19714
25076
32124
14158
18796
15814
19100
9745
12110
16512
48992
16413
3936
5642
31319
17969
404
20150
28556
41532
12561
10697
1173
10335
10039
4596
31546
35213
4360
54667
10298
9145
1706
18399
7524
30282
3722
17878
49787
3692
3292
48222
51949
8348
16296
5368
21991
17131
25967
11519
13125
35765
43003
36680
43796
51604
20860
47398
11097
11180
28329
2860
45395
36942
183
54925
3347
11906
39243
54193
8800
58803
16881
59000
17403
34055
14690
25903
30683
35848
30899
18115
3123
54919
9972
48436
3413
44411
56756
3825
24398
1986
8848
11985
2013
11174
3340
15837
50025
6884
44183
57961
28460
19317
13654
47045
44585
25741
17560
57898
5434
40926
10697
4873
33876
10751
57353
45402
12074
10515
51673
23825
49664
52704
36613
9462
17642
13425
5568
58564
6332
14581
23514
32468
27306
22217
47589
8550
17933
44383
15349
44315
1477
29972
53964
22094
24120
58778
6000
24889
7
9665
14734
8380
41256
20705
11710
4374
11954
35569
44911
39546
9743
11489
52032
50250
19917
17739
22638
12329
44970
53015
17479
47767
44373
47349
2127
19250
36379
20440
2095
1230
11185
40479
8357
22661
12269
43197
40474
33849
15965
27354
15552
21882
43066
7634
1019
26746
20236
20526
18444
45749
34752
11067
55056
41870
13520
12984
40519
27459
52643
29607
1846
5598
17933
12387
20271
18064
23781
18436
3584
16838
3951
58811
15855
31626
12249
30141
32830
10558
4382
29046
14670
2300
24784
45606
11757
3033
48639
31853
36584
21763
1391
11915
43526
1211
31883
10375
4713
7270
28160
28818
24562
5743
1400
31627
12436
59625
19402
9170
14186
7304
8541
1783
35780
13497
20237
394
19240
39233
10723
32575
7993
40464
34965
34363
9713
53156
34204
22880
19475
36053
6270
7425
11053
7598
33936
8774
17250
19021
43668
11794
48573
16746
39979
7948
3165
1263
56508
13827
54614
40260
50151
8093
36403
2208
19579
12226
12102
21308
59101
23896
16983
18695
31342
7381
35435
41516
16017
16034
17836
42578
11440
34071
3871
6416
57148
57587
35414
684
3672
7201
6658
5254
34711
16763
16913
52788
13709
28856
10036
415
4900
23690
15856
33462
17653
26263
19552
38512
19246
23062
28899
7475
48789
54844
2218
18213
13911
55565
25548
42943
10220
59503
39454
34208
13358
14622
15579
53020
43892
36406
18504
17970
42556
2715
36177
12986
19243
7288
9019
9704
18089
16419
51447
33642
46135
51750
35839
21426
45463
19843
4134
1144
21870
231
20974
755
57390
974
50791
9807
47950
8893
11693
15011
32815
11405
18469
484
12227
14688
11097
29177
2018
43577
21650
47162
14453
10021
21356
25212
13305
44514
35277
20301
43941
31297
46056
1969
43377
29385
3827
1345
49570
51244
37985
20022
31945
8708
57116
27213
13509
13952
29991
41713
14341
30439
2188
30538
8193
57008
42831
57566
21193
1446
3491
49995
14784
1357
18202
22801
13563
12529
37916
33009
57323
26901
6796
53883
5950
53137
50367
7362
20925
15851
43150
47121
28492
850
40413
18826
7084
17731
12860
39772
34933
53710
16712
2383
37959
32677
27691
9399
5372
1030
14860
5755
19874
56292
7233
6110
9734
56376
28372
3262
7293
9275
14959
19635
19661
17568
14684
14218
13115
861
627
11202
10410
10480
40712
48436
23351
11379
12510
20484
26299
42203
2045
3847
18307
41246
14436
14834
43871
25703
36019
4979
24941
51156
18275
26795
28055
33358
47407
28006
27807
30679
41594
35589
17501
35106
55727
39763
84
36462
21655
15317
9412
17115
5889
2153
17941
34738
20538
29089
20989
1426
17545
27479
17193
4944
41964
28691
652
33
5781
22437
50246
20659
16103
9022
7221
15208
55957
9104
23626
33126
3743
9334
60005
17760
2093
11179
19411
49973
8053
52231
3013
8058
45047
27262
1885
22328
48184
1440
14944
5924
56152
965
4619
50454
43327
10165
3366
15132
14822
7936
8707
41811
52924
7063
50935
54447
22686
22747
8152
18862
24189
40381
35012
1296
19582
36196
39935
45312
21491
56225
48651
4493
21589
1773
31795
7117
48771
20876
1852
45345
22829
52237
9370
19540
39564
13929
9483
9401
51271
6515
25002
11207
206
16967
37158
56907
2825
1933
24638
54840
43237
21142
26729
9034
15410
11997
39956
2036
53846
7856
6833
24631
11574
30673
18035
36550
34341
21135
10278
47082
39108
17751
10527
25990
30549
19227
12614
4840
35531
10632
44156
4976
18569
55825
52101
18611
24937
211
49613
22465
20942
17638
41664
41516
37871
20871
14776
15075
40390
43957
43394
10784
13164
17789
58030
57457
22628
7595
10726
14126
30749
160
44889
58520
6912
32663
15682
13057
6359
13711
9999
6589
44027
49888
5664
4162
3373
7211
17152
31094
27972
57731
8124
6686
9988
58313
28590
58834
5869
11364
6054
10093
6568
14789
30604
23732
36117
17542
35445
14520
8319
40052
53949
2350
41897
6822
34843
27535
30919
18233
6475
54973
3907
2836
43350
22987
5261
14358
11390
8012
43078
46442
52276
875
13739
2388
16323
15826
17112
4072
13808
53078
41044
45327
9609
16018
20338
45344
838
2544
22936
7727
7135
49412
6154
3225
47558
21355
6785
7389
28765
25212
49857
51491
16617
47190
36266
20120
8280
55450
20498
46107
13873
39482
3544
48887
7376
949
42149
40553
17438
22968
12088
6343
5030
14041
31556
1978
16880
17647
10178
57868
38485
15539
46155
51206
11367
16113
11831
18053
6632
43735
2214
28806
22078
45634
34019
13425
3519
33597
4704
43751
55826
12011
19620
57268
46072
47999
113
9204
21697
53374
4056
16783
43189
25241
44702
39389
17433
16848
14588
1865
9032
2574
16076
12771
53391
4110
50479
23324
25162
42137
78
21796
16771
32927
9637
253
36385
14524
457
13052
45863
17995
9122
19231
34169
40563
7935
11284
17795
23477
19089
7030
10551
1950
11119
30887
9720
28819
58263
2513
59703
19445
51099
45568
51040
8290
39389
37865
18724
11097
13689
52868
978
35082
4953
14497
20687
10103
11201
37372
3326
57551
16842
1799
17358
6301
16782
10653
21557
2278
11294
9795
13577
27858
55878
34196
20961
28118
6489
2565
18050
6478
6249
22136
16340
17401
41391
21481
52956
45834
54836
4056
15115
25576
48718
13947
2908
55456
5287
14721
57079
25595
5866
55927
9538
17157
16882
1726
1232
6663
9006
12908
18372
4074
15772
4336
20410
13065
1522
18033
57714
38037
25618
2534
23405
12727
12319
4850
21734
9967
12433
20657
53899
16910
3758
16233
10122
25575
30000
19012
45257
18649
9946
16548
17913
3660
10962
22979
700
24601
33029
14573
1351
42954
227
47879
24732
10407
18791
50405
9857
6227
34757
36428
1964
59185
14451
22263
31148
14413
41322
14976
57653
12127
47877
51537
19330
10255
26812
12324
27281
4829
29769
31470
2943
56900
16545
59829
25277
10995
14567
56794
10585
6108
24867
40008
56571
10064
3244
32357
36794
51555
15862
16951
12054
18865
13625
1032
9344
3935
8997
3436
20489
14752
51397
30684
56596
41000
51520
16969
13296
12604
8572
44999
26029
95
18938
31241
41041
2991
21151
12326
38380
17999
20893
36521
23895
8462
40142
19914
53474
29672
24092
14911
35423
8059
20932
42357
20450
50751
47808
10901
18864
19615
15924
58333
12283
57185
21743
44904
12755
52983
42318
56747
23930
15226
20636
52543
45014
9636
17083
6564
36369
35012
3749
49427
14982
7056
1757
14373
1930
18632
19995
43877
41648
21538
23920
1862
805
55667
8922
18619
53822
15695
8662
24580
35305
8565
22311
4223
12902
23172
57526
8591
33316
17704
20167
1485
36727
12150
8437
12776
9016
37898
46665
3642
56639
19456
4470
17765
51314
12982
19488
23091
22172
56551
49706
38972
19683
26549
17177
22954
28568
51299
32488
11284
3354
54331
12487
53696
8911
4366
22869
15459
18411
8385
36608
2236
4270
16819
13840
39051
7352
34471
23865
13411
11069
17899
49942
5878
16421
12033
55394
26842
2900
49765
39237
51128
9655
53798
19772
15520
17702
12019
59994
20265
9838
1984
45098
51902
10409
4207
40124
38865
13643
22753
22379
16326
1817
6344
7907
36353
58154
55306
29296
5970
29204
12188
10610
14731
27121
45949
11261
7728
58883
23834
29055
1976
9567
53086
18206
7034
5121
10376
19487
39389
2924
11898
17552
16343
28696
49134
45468
3183
7486
12856
35736
15293
57404
10208
57052
539
1499
14937
16446
57876
7940
14838
7472
25145
6625
7015
43975
13183
19555
18532
13854
9477
18400
23966
15694
8317
40646
52155
20821
11004
34967
18887
15403
20568
12347
59762
50556
21503
24499
17627
21347
44475
20135
8345
14539
17034
57456
7058
51420
15342
52746
19810
558
59110
9034
35706
21321
1544
13774
6840
7684
51309
8976
56062
31704
12733
4010
59339
12035
5583
45166
3202
2399
